1998,60,0,-0.1,9.9,-8.5
1998,60,1,-0.6,9.8,-6.7
1998,60,2,-0.7,11.3,-3.9
1998,60,3,0.5,9.8,-3.0
1998,60,4,1.7,3.8,4.9
1998,60,5,2.2,-3.4,3.4
1998,60,6,1.8,-1.6,1.4
1998,60,7,3.2,-2.1,1.6
1998,60,8,3.8,-1.0,2.9
1998,60,9,3.7,1.2,1.6
1998,60,10,3.7,2.1,-1.4
1998,60,11,1.8,0.6,-3.3
1998,60,12,1.8,-1.3,-4.3
1998,60,13,2.1,-0.8,-3.8
1998,60,14,1.9,-0.7,-2.3
1998,60,15,2.6,-1.8,-4.7
1998,60,16,2.7,-3.0,-4.6
1998,60,17,0.6,-2.9,-3.3
1998,60,18,-0.2,-2.9,-2.6
1998,60,19,0.8,-3.6,-1.2
1998,60,20,3.4,-0.8,-2.4
1998,60,21,3.5,-2.4,-1.8
1998,60,22,4.3,-2.7,-1.9
1998,60,23,3.9,-3.9,-2.6
1998,61,0,5.1,-3.6,-1.3
1998,61,1,4.9,-3.7,-2.3
1998,61,2,5.5,-2.2,-2.2
1998,61,3,-0.4,-5.0,0.2
1998,61,4,0.4,-5.2,0.8
1998,61,5,2.0,-6.5,-2.8
1998,61,6,2.2,-3.1,-5.3
1998,61,7,2.2,-2.8,-3.3
1998,61,8,4.2,-4.8,0.0
1998,61,9,2.4,-3.1,1.2
1998,61,10,5.1,-4.8,1.8
1998,61,11,6.1,-4.5,3.9
1998,61,12,5.7,-3.9,3.9
1998,61,13,1.8,-6.1,-2.0
1998,61,14,1.5,-6.9,-1.1
1998,61,15,2.7,-6.6,-1.4
1998,61,16,-1.8,-6.3,-1.0
1998,61,17,-3.8,-5.8,-0.8
1998,61,18,-1.0,-6.5,1.0
1998,61,19,1.1,-5.4,0.2
1998,61,20,3.3,-6.0,-1.6
1998,61,21,1.7,-6.1,-0.9
1998,61,22,2.6,-4.9,1.2
1998,61,23,-0.8,-5.5,0.5
1998,62,0,-1.6,-5.3,-2.0
1998,62,1,3.2,-4.7,1.4
1998,62,2,5.1,-2.8,-0.1
1998,62,3,4.6,-3.6,0.1
1998,62,4,3.7,-4.4,0.3
1998,62,5,-0.7,-3.1,2.0
1998,62,6,2.3,-3.9,-0.9
1998,62,7,3.0,-3.8,-0.3
1998,62,8,2.6,-3.0,1.3
1998,62,9,1.0,-3.2,2.2
1998,62,10,-1.2,-3.0,2.7
1998,62,11,-1.4,-2.0,3.7
1998,62,12,-0.8,-2.6,3.5
1998,62,13,-1.1,-3.8,2.8
1998,62,14,-1.5,-4.1,2.3
1998,62,15,-0.8,-4.2,2.0
1998,62,16,-0.3,-4.4,1.3
1998,62,17,-0.3,-4.4,1.0
1998,62,18,0.3,-4.4,-0.1
1998,62,19,1.0,-4.0,0.7
1998,62,20,1.2,-3.6,0.1
1998,62,21,1.1,-3.8,0.6
1998,62,22,2.3,-2.8,-1.7
1998,62,23,0.6,-3.4,-0.7
1998,63,0,1.2,-3.1,0.3
1998,63,1,0.3,-3.0,-1.0
1998,63,2,1.4,-2.1,-2.4
1998,63,3,0.0,-3.0,-0.5
1998,63,4,1.0,-2.4,0.1
1998,63,5,1.9,-1.9,-1.3
1998,63,6,1.1,-1.5,-2.5
1998,63,7,1.3,-0.7,-2.7
1998,63,8,2.8,-0.6,-0.1
1998,63,9,2.9,-0.9,-0.3
1998,63,10,2.2,-1.6,-1.1
1998,63,11,1.8,-0.5,-2.3
1998,63,12,2.3,-1.5,-3.6
1998,63,13,2.5,-3.5,-5.4
1998,63,14,2.3,-5.0,-5.5
1998,63,15,1.9,-0.6,-7.3
1998,63,16,0.3,7.7,-6.3
1998,63,17,-0.6,8.5,-5.4
1998,63,18,-1.5,9.9,-1.6
1998,63,19,-1.9,9.0,-3.3
1998,63,20,-1.9,8.2,-5.1
1998,63,21,-2.0,8.4,-4.5
1998,63,22,-3.0,9.2,-1.1
1998,63,23,-2.0,9.3,-0.4
1998,64,0,-1.7,10.0,-2.1
1998,64,1,-2.1,9.7,-1.1
1998,64,2,-3.1,10.5,-1.9
1998,64,3,-2.4,10.9,-0.8
1998,64,4,-3.7,10.6,-1.5
1998,64,5,-3.3,10.8,-1.5
1998,64,6,-3.0,10.6,-2.3
1998,64,7,-4.1,10.6,-0.2
1998,64,8,-3.1,10.2,-1.6
1998,64,9,-4.5,10.7,2.5
1998,64,10,-5.1,10.8,3.1
1998,64,11,-5.4,10.5,3.6
1998,64,12,-5.8,10.1,4.9
1998,64,13,-6.1,8.5,7.3
1998,64,14,-6.6,8.9,6.3
1998,64,15,-7.4,6.9,7.3
1998,64,16,-6.7,6.0,8.3
1998,64,17,-5.9,5.8,8.6
1998,64,18,-5.6,5.6,8.5
1998,64,19,-5.3,6.3,7.9
1998,64,20,-5.4,5.6,7.5
1998,64,21,-4.8,4.0,7.6
1998,64,22,-2.4,0.7,9.3
1998,64,23,-2.8,0.7,8.7
1998,65,0,-2.8,0.1,8.8
1998,65,1,-3.6,1.0,8.7
1998,65,2,-3.7,1.6,8.2
1998,65,3,-2.9,1.1,6.5
1998,65,4,-0.6,-1.9,6.8
1998,65,5,-2.4,0.4,7.3
1998,65,6,-3.2,0.9,7.4
1998,65,7,-3.2,1.7,3.1
1998,65,8,-2.6,1.1,1.2
1998,65,9,-2.2,-0.2,1.0
1998,65,10,-1.5,0.0,-0.9
1998,65,11,-0.8,-1.3,-1.7
1998,65,12,0.6,-4.2,0.5
1998,65,13,0.3,-5.1,1.5
1998,65,14,0.6,-4.2,2.8
1998,65,15,1.5,-0.8,3.7
1998,65,16,-1.4,-2.4,4.2
1998,65,17,-2.5,-1.1,4.1
1998,65,18,-3.0,0.4,4.1
1998,65,19,-2.7,2.9,2.9
1998,65,20,-2.5,3.5,0.1
1998,65,21,-3.4,2.8,0.2
1998,65,22,-2.4,3.9,-0.7
1998,65,23,-3.6,2.8,-2.7
1998,66,0,-3.9,3.6,-3.5
1998,66,1,-4.9,0.4,-3.9
1998,66,2,-4.5,-2.3,-3.7
1998,66,3,-4.8,-3.1,-3.4
1998,66,4,-5.3,-3.7,-2.7
1998,66,5,-5.0,-4.8,-1.5
1998,66,6,-4.1,-5.0,-0.1
1998,66,7,-3.3,-4.8,0.3
1998,66,8,-1.8,-4.4,-0.3
1998,66,9,-0.3,-6.0,0.8
1998,66,10,0.7,-5.8,1.0
1998,66,11,1.0,-4.4,2.7
1998,66,12,2.0,-4.6,1.7
1998,66,13,1.8,-2.2,1.4
1998,66,14,2.1,-0.9,2.4
1998,66,15,2.3,-1.1,1.8
1998,66,16,3.1,-1.2,1.9
1998,66,17,3.4,-0.8,1.9
1998,66,18,2.7,1.1,0.9
1998,66,19,1.6,1.0,0.6
1998,66,20,1.5,0.7,0.7
1998,66,21,1.5,0.9,0.4
1998,66,22,2.5,0.8,0.9
1998,66,23,-0.4,1.5,-0.1
1998,67,0,-0.9,0.9,-0.7
1998,67,1,0.6,1.4,-0.8
1998,67,2,-0.8,2.1,-0.8
1998,67,3,-2.1,2.7,-1.0
1998,67,4,2.6,0.7,0.6
1998,67,5,0.2,2.3,0.6
1998,67,6,0.9,2.2,0.8
1998,67,7,0.5,1.8,1.0
1998,67,8,-0.4,2.1,0.9
1998,67,9,-0.6,2.8,0.9
1998,67,10,-0.2,2.4,1.3
1998,67,11,0.0,2.8,1.9
1998,67,12,-0.4,3.1,1.9
1998,67,13,-0.5,3.5,2.7
1998,67,14,0.7,4.9,1.7
1998,67,15,2.0,3.6,5.2
1998,67,16,2.1,1.7,5.0
1998,67,17,-0.2,2.9,4.8
1998,67,18,2.1,-0.6,4.9
1998,67,19,0.5,0.2,3.1
1998,67,20,-0.4,4.0,0.4
1998,67,21,0.2,4.5,1.7
1998,67,22,0.7,4.1,1.0
1998,67,23,-0.1,4.7,1.0
1998,68,0,-0.4,5.3,1.2
1998,68,1,0.0,3.7,2.0
1998,68,2,0.0,4.3,3.9
1998,68,3,-0.8,5.5,2.5
1998,68,4,-2.0,4.4,1.4
1998,68,5,-1.3,2.0,3.5
1998,68,6,-0.9,2.7,4.0
1998,68,7,-2.8,3.8,-3.9
1998,68,8,-3.7,3.4,-3.7
1998,68,9,-3.4,3.6,-3.6
1998,68,10,-2.3,3.5,-3.9
1998,68,11,-2.1,4.9,-3.9
1998,68,12,-2.2,5.3,-2.7
1998,68,13,-2.6,5.1,-1.9
1998,68,14,-2.7,5.3,-1.1
1998,68,15,-3.5,4.2,-2.0
1998,68,16,-2.5,4.5,-1.8
1998,68,17,-1.7,4.9,-1.6
1998,68,18,-3.9,3.3,0.0
1998,68,19,-3.5,3.4,0.7
1998,68,20,-1.5,4.9,0.6
1998,68,21,-2.7,4.5,-0.5
1998,68,22,-2.4,4.7,-1.8
1998,68,23,-2.4,5.2,-1.2
1998,69,0,-1.9,4.0,-1.7
1998,69,1,-2.4,2.7,-1.1
1998,69,2,-0.8,3.3,1.7
1998,69,3,-2.6,0.9,-2.8
1998,69,4,1.5,-2.4,1.0
1998,69,5,0.3,-4.2,-2.9
1998,69,6,-0.8,1.0,-5.5
1998,69,7,-4.4,9.0,-8.1
1998,69,8,-4.9,9.8,-6.1
1998,69,9,-9.7,16.9,-0.6
1998,69,10,-2.9,2.3,-4.2
1998,69,11,9.8,-17.2,4.0
1998,69,12,8.8,-14.5,6.3
1998,69,13,3.5,-13.5,5.1
1998,69,14,5.4,-20.3,2.3
1998,69,15,6.7,-8.7,-8.6
1998,69,16,4.9,-8.3,-12.7
1998,69,17,4.3,-10.5,-12.9
1998,69,18,6.8,-7.8,-7.1
1998,69,19,5.9,-7.9,-2.4
1998,69,20,7.1,-4.5,-2.4
1998,69,21,4.3,-8.4,2.9
1998,69,22,7.0,-7.7,-6.5
1998,69,23,7.8,-10.0,-2.7
1998,70,0,8.1,-4.8,0.2
1998,70,1,6.6,-3.8,1.9
1998,70,2,2.0,-1.7,2.8
1998,70,3,-3.5,0.7,-2.4
1998,70,4,-4.8,0.3,-3.3
1998,70,5,-0.9,-1.8,-1.9
1998,70,6,4.8,-2.7,3.1
1998,70,7,1.9,0.9,-2.5
1998,70,8,-2.4,1.1,-3.6
1998,70,9,-0.2,-2.4,0.1
1998,70,10,2.5,-4.0,0.0
1998,70,11,3.4,-3.4,1.7
1998,70,12,3.0,-2.5,-0.7
1998,70,13,1.4,-2.2,-1.2
1998,70,14,2.9,-3.0,0.1
1998,70,15,1.5,-2.5,-2.5
1998,70,16,4.0,-3.3,0.0
1998,70,17,3.6,-3.5,1.6
1998,70,18,4.2,-1.3,3.1
1998,70,19,3.9,0.3,2.7
1998,70,20,4.1,2.1,2.9
1998,70,21,4.5,-1.9,-0.8
1998,70,22,2.9,-2.3,-3.0
1998,70,23,3.5,-4.0,-0.1
1998,71,0,4.7,-3.0,1.1
1998,71,1,4.1,-3.7,0.4
1998,71,2,4.4,-3.1,0.8
1998,71,3,3.2,-4.6,-1.4
1998,71,4,1.9,-5.4,-0.5
1998,71,5,0.5,-3.1,-2.2
1998,71,6,-0.6,-0.9,-2.4
1998,71,7,-0.8,-0.3,0.1
1998,71,8,0.4,-2.8,1.0
1998,71,9,0.3,-3.2,2.1
1998,71,10,-0.5,-4.0,-0.1
1998,71,11,-0.1,-1.9,-1.3
1998,71,12,2.7,1.3,1.1
1998,71,13,1.8,0.6,-1.4
1998,71,14,2.3,2.4,0.4
1998,71,15,3.0,0.6,0.3
1998,71,16,1.0,-2.5,1.4
1998,71,17,0.1,-2.9,0.0
1998,71,18,-0.7,-3.3,0.6
1998,71,19,1.8,-2.5,0.2
1998,71,20,1.2,-2.4,1.6
1998,71,21,-1.3,-4.2,-0.1
1998,71,22,-3.2,-3.6,0.5
1998,71,23,-2.1,-3.9,0.6
1998,72,0,-1.9,-3.6,-0.1
1998,72,1,-2.3,-3.4,0.8
1998,72,2,-1.2,-2.7,0.4
1998,72,3,0.4,-1.2,-1.9
1998,72,4,0.0,-2.5,-0.1
1998,72,5,-1.2,-3.7,-0.3
1998,72,6,3.1,0.9,-0.3
1998,72,7,1.9,1.8,-1.2
1998,72,8,0.8,-4.3,-0.3
1998,72,9,1.8,-2.6,-2.6
1998,72,10,1.6,-3.9,0.0
1998,72,11,1.3,-3.8,-0.8
1998,72,12,0.9,-3.5,-1.0
1998,72,13,0.0,-3.6,-1.5
1998,72,14,-0.9,-1.1,-1.8
1998,72,15,2.6,-3.5,-1.3
1998,72,16,2.9,-2.7,-1.7
1998,72,17,3.2,-2.6,1.9
1998,72,18,4.7,-2.8,0.4
1998,72,19,5.1,-1.5,0.0
1998,72,20,4.1,-1.7,-1.9
1998,72,21,3.6,-3.4,-2.5
1998,72,22,5.4,-2.4,0.2
1998,72,23,5.7,-1.9,-0.7
1998,73,0,5.7,-1.3,-0.3
1998,73,1,5.6,-1.7,-0.2
1998,73,2,5.4,-1.7,-0.2
1998,73,3,5.6,-1.1,-0.3
1998,73,4,5.4,-0.8,-0.8
1998,73,5,4.8,-0.9,-1.3
1998,73,6,4.6,-2.2,-0.8
1998,73,7,2.9,-3.3,-0.8
1998,73,8,3.3,-1.7,-0.9
1998,73,9,4.1,-1.0,-0.3
1998,73,10,4.5,0.5,0.6
1998,73,11,3.6,0.2,-2.2
1998,73,12,1.6,-2.9,-0.1
1998,73,13,2.7,-4.1,1.1
1998,73,14,3.2,-3.4,-1.6
1998,73,15,0.6,-4.2,-2.9
1998,73,16,3.5,-2.8,-1.2
1998,73,17,0.7,-4.7,-1.7
1998,73,18,5.0,-0.9,-4.0
1998,73,19,4.7,0.2,-4.0
1998,73,20,3.4,-1.6,-4.9
1998,73,21,4.5,-0.1,-5.1
1998,73,22,5.3,2.6,-3.3
1998,73,23,-0.9,-1.9,-4.5
1998,74,0,-1.8,-3.0,-4.6
1998,74,1,-0.9,-3.6,-4.3
1998,74,2,-1.4,-4.2,-4.3
1998,74,3,-1.0,-4.4,-3.3
1998,74,4,-0.1,-3.9,-4.9
1998,74,5,-0.4,-5.6,-3.3
1998,74,6,0.7,-5.2,-1.7
1998,74,7,0.2,-5.9,-3.1
1998,74,8,-0.1,-6.0,-3.3
1998,74,9,2.0,-3.8,-4.4
1998,74,10,2.0,-4.9,-3.2
1998,74,11,3.2,-1.8,-5.0
1998,74,12,2.7,-1.5,-4.9
1998,74,13,4.3,1.2,-4.1
1998,74,14,4.6,4.3,-1.0
1998,74,15,4.3,3.6,-0.3
1998,74,16,5.3,2.5,-0.1
1998,74,17,5.7,2.1,-0.7
1998,74,18,5.0,3.5,0.6
1998,74,19,5.4,1.5,1.2
1998,74,20,4.5,-2.2,2.3
1998,74,21,3.3,-4.7,-0.6
1998,74,22,2.9,-5.8,-0.9
1998,74,23,2.5,-5.2,-3.3
1998,75,0,2.7,-6.2,-1.4
1998,75,1,3.7,-4.0,0.9
1998,75,2,3.6,-6.2,-1.1
1998,75,3,2.6,-6.0,-1.3
1998,75,4,1.9,-6.5,-1.1
1998,75,5,4.2,-6.1,-0.5
1998,75,6,1.5,-7.3,0.7
1998,75,7,-0.8,-7.3,1.6
1998,75,8,4.0,-6.3,0.6
1998,75,9,3.0,-6.5,0.9
1998,75,10,1.8,-4.8,5.7
1998,75,11,1.3,-7.3,0.7
1998,75,12,0.7,-6.9,-1.3
1998,75,13,1.3,-4.5,-4.0
1998,75,14,2.4,-4.6,-3.1
1998,75,15,3.3,-2.3,-2.7
1998,75,16,1.3,-4.9,-2.9
1998,75,17,5.0,-3.9,-2.2
1998,75,18,6.7,-2.3,-0.8
1998,75,19,5.8,-2.7,-1.6
1998,75,20,6.2,-1.3,-0.4
1998,75,21,3.0,4.8,-0.4
1998,75,22,4.2,2.5,-0.2
1998,75,23,5.7,-1.7,-0.2
1998,76,0,4.2,-3.8,0.4
1998,76,1,2.0,-4.9,-0.8
1998,76,2,4.6,-2.4,0.9
1998,76,3,4.3,-1.4,-2.9
1998,76,4,5.5,1.0,-0.3
1998,76,5,4.8,-1.8,-0.7
1998,76,6,2.3,-0.5,4.2
1998,76,7,2.7,-1.8,3.2
1998,76,8,3.1,-1.6,2.3
1998,76,9,4.0,-3.5,-0.3
1998,76,10,3.0,-4.7,-2.3
1998,76,11,5.1,-1.7,1.6
1998,76,12,2.6,-6.0,-0.6
1998,76,13,3.9,0.3,4.6
1998,76,14,1.4,-1.2,1.6
1998,76,15,-1.0,4.5,4.0
1998,76,16,2.1,3.4,4.9
1998,76,17,1.4,4.2,4.0
1998,76,18,2.0,3.3,3.7
1998,76,19,3.2,1.5,4.2
1998,76,20,2.8,-1.4,1.7
1998,76,21,-0.8,-4.5,-3.0
1998,76,22,-0.5,-5.5,-1.3
1998,76,23,0.1,-5.5,0.7
1998,77,0,-0.8,-5.4,1.7
1998,77,1,0.8,-5.5,1.5
1998,77,2,-1.6,-5.6,0.6
1998,77,3,-0.9,-5.3,1.7
1998,77,4,1.6,-5.0,1.5
1998,77,5,2.2,-4.7,1.1
1998,77,6,3.1,-4.4,0.1
1998,77,7,3.6,-3.6,-0.8
1998,77,8,1.3,-4.4,1.1
1998,77,9,1.4,-4.2,1.1
1998,77,10,3.6,-2.0,-1.3
1998,77,11,3.3,-2.1,-0.1
1998,77,12,3.3,-2.0,1.2
1998,77,13,1.5,-3.8,1.8
1998,77,14,1.5,-4.2,1.4
1998,77,15,1.3,-4.7,0.5
1998,77,16,0.7,-4.5,0.9
1998,77,17,0.8,-4.6,0.6
1998,77,18,2.7,-3.7,1.5
1998,77,19,3.1,-3.6,1.1
1998,77,20,2.2,-3.9,1.7
1998,77,21,2.0,-3.3,-0.6
1998,77,22,-0.1,-5.0,1.1
1998,77,23,1.2,-5.2,-1.4
1998,78,0,0.8,-0.6,4.4
1998,78,1,2.5,-1.8,4.4
1998,78,2,4.1,-3.5,2.1
1998,78,3,3.6,-4.2,-0.2
1998,78,4,4.9,-2.4,1.2
1998,78,5,5.4,-1.5,1.1
1998,78,6,5.7,-1.2,0.0
1998,78,7,5.4,0.3,-0.1
1998,78,8,4.6,-0.2,-1.4
1998,78,9,1.0,-4.6,0.1
1998,78,10,2.1,-4.4,-0.7
1998,78,11,2.4,-4.5,-0.3
1998,78,12,2.4,-3.8,0.1
1998,78,13,2.6,-2.1,0.7
1998,78,14,3.4,-1.1,-1.9
1998,78,15,3.5,0.0,-1.2
1998,78,16,3.5,-0.4,-0.8
1998,78,17,3.4,-0.2,-0.5
1998,78,18,1.2,-0.4,-0.9
1998,78,19,-1.9,-2.6,2.1
1998,78,20,0.2,-3.0,0.2
1998,78,21,-1.1,-3.0,0.1
1998,78,22,-0.4,-3.0,1.8
1998,78,23,3.6,-4.0,-2.4
1998,79,0,1.9,-6.1,0.9
1998,79,1,1.1,-5.7,2.2
1998,79,2,0.6,-2.1,3.1
1998,79,3,1.2,-0.8,2.0
1998,79,4,2.4,2.6,3.0
1998,79,5,3.2,-1.4,2.4
1998,79,6,1.4,-4.9,-1.2
1998,79,7,5.1,-5.2,-1.2
1998,79,8,4.8,-5.2,-2.2
1998,79,9,3.8,-5.6,-1.5
1998,79,10,3.9,-6.4,-5.4
1998,79,11,3.4,-8.9,-1.8
1998,79,12,4.5,-8.4,-2.0
1998,79,13,4.0,-8.2,-1.6
1998,79,14,2.7,-8.7,1.1
1998,79,15,5.5,-6.2,-5.4
1998,79,16,3.7,-7.8,-3.1
1998,79,17,1.8,-8.8,2.5
1998,79,18,1.4,-6.4,4.1
1998,79,19,6.2,-4.7,-5.2
1998,79,20,5.6,-7.0,-2.7
1998,79,21,4.6,-8.6,0.1
1998,79,22,5.9,-7.4,-2.5
1998,79,23,5.2,-7.3,-1.9
1998,80,0,3.9,-6.6,-0.6
1998,80,1,0.2,-7.1,3.1
1998,80,2,2.9,-6.4,2.1
1998,80,3,1.6,-6.1,4.9
1998,80,4,-2.1,-3.4,8.0
1998,80,5,-7.1,3.7,5.9
1998,80,6,-5.2,7.1,-1.8
1998,80,7,-4.5,8.1,-1.2
1998,80,8,-4.8,10.6,-4.6
1998,80,9,-4.1,9.9,-6.6
1998,80,10,0.6,1.9,-9.3
1998,80,11,2.0,-9.2,2.0
1998,80,12,8.2,-6.2,-9.9
1998,80,13,7.4,2.4,-13.5
1998,80,14,6.1,3.1,-13.3
1998,80,15,2.2,3.6,-6.4
1998,80,16,-5.9,9.4,-1.5
1998,80,17,-4.0,8.9,-4.2
1998,80,18,2.6,5.2,-10.1
1998,80,19,-2.8,7.8,-2.0
1998,80,20,-5.9,7.7,4.9
1998,80,21,-2.5,4.2,4.8
1998,80,22,-5.5,3.1,3.1
1998,80,23,-3.4,4.0,4.7
1998,81,0,-5.0,2.1,3.9
1998,81,1,-5.1,6.6,3.1
1998,81,2,-4.9,5.8,-1.7
1998,81,3,-5.9,4.6,3.3
1998,81,4,-6.9,6.5,0.2
1998,81,5,-4.0,8.4,2.0
1998,81,6,-6.3,6.6,0.5
1998,81,7,-5.3,5.3,-0.5
1998,81,8,-3.2,0.9,-0.4
1998,81,9,-3.2,2.8,-2.1
1998,81,10,-4.4,-0.6,0.3
1998,81,11,-3.8,0.9,0.5
1998,81,12,-2.5,2.9,1.4
1998,81,13,-2.3,2.3,0.9
1998,81,14,1.3,4.1,1.2
1998,81,15,-1.1,1.1,-0.1
1998,81,16,-3.8,-1.5,-1.6
1998,81,17,-2.2,2.8,0.1
1998,81,18,-2.0,1.3,-1.3
1998,81,19,-0.6,2.3,-0.4
1998,81,20,-2.3,2.4,2.4
1998,81,21,-0.7,2.8,2.8
1998,81,22,1.3,2.3,1.8
1998,81,23,-3.0,1.2,-0.4
1998,82,0,-3.0,1.7,-0.4
1998,82,1,-2.0,2.9,-1.1
1998,82,2,-2.8,2.3,-1.2
1998,82,3,-3.5,1.3,-0.5
1998,82,4,-3.4,2.0,-0.4
1998,82,5,-3.4,1.2,0.5
1998,82,6,-2.9,1.8,0.6
1998,82,7,-3.8,1.3,0.3
1998,82,8,-3.9,0.8,1.2
1998,82,9,-3.4,1.9,1.1
1998,82,10,-3.2,0.8,1.6
1998,82,11,-3.1,2.4,0.3
1998,82,12,-3.9,1.6,0.0
1998,82,13,-2.8,1.1,0.8
1998,82,14,-2.3,1.4,0.4
1998,82,15,-2.1,1.8,-0.2
1998,82,16,-1.2,1.8,0.2
1998,82,17,-0.6,1.0,0.5
1998,82,18,-1.8,1.4,-0.2
1998,82,19,-1.5,0.8,-1.0
1998,82,20,-0.9,0.1,-1.5
1998,82,21,-1.4,-0.2,-2.1
1998,82,22,1.2,0.3,-1.8
1998,82,23,-1.9,0.7,1.1
1998,83,0,-2.1,1.3,1.5
1998,83,1,-2.1,1.6,0.7
1998,83,2,-2.0,1.4,0.9
1998,83,3,-1.5,0.9,0.5
1998,83,4,-0.6,0.4,0.7
1998,83,5,-0.2,1.1,-0.7
1998,83,6,0.9,-0.5,-2.4
1998,83,7,0.3,1.1,-1.0
1998,83,8,-0.8,0.2,-1.1
1998,83,9,-0.2,1.2,-0.4
1998,83,10,-0.5,1.9,0.5
1998,83,11,1.7,-4.2,0.6
1998,83,12,1.7,-5.1,-1.0
1998,83,13,1.2,-3.2,-3.2
1998,83,14,0.0,1.3,-3.0
1998,83,15,1.0,0.1,-4.0
1998,83,16,-0.2,-1.7,-3.2
1998,83,17,1.2,-3.6,-1.2
1998,83,18,1.1,-3.0,-1.9
1998,83,19,-0.1,1.8,-5.0
1998,83,20,-1.2,-0.3,-4.0
1998,83,21,2.0,-4.2,-2.6
1998,83,22,1.1,-4.8,-3.2
1998,83,23,1.1,-4.2,-0.8
1998,84,0,4.6,-2.0,-1.8
1998,84,1,5.0,-2.3,0.3
1998,84,2,4.1,-3.3,0.7
1998,84,3,3.0,-3.2,2.2
1998,84,4,3.5,-3.5,2.2
1998,84,5,3.6,-4.9,2.8
1998,84,6,4.3,-3.9,4.0
1998,84,7,4.5,-4.1,2.9
1998,84,8,1.8,-5.2,-1.1
1998,84,9,3.0,-4.9,-0.2
1998,84,10,0.5,-2.6,-4.0
1998,84,11,1.2,-3.6,-5.1
1998,84,12,-1.0,0.3,-4.8
1998,84,13,-1.7,1.0,-7.1
1998,84,14,-2.2,-2.3,-6.6
1998,84,15,-0.1,-7.3,-5.0
1998,84,16,999.9,999.9,999.9
1998,84,17,-1.4,5.4,-2.0
1998,84,18,-2.1,8.0,-4.4
1998,84,19,-2.9,8.7,-2.7
1998,84,20,-4.3,9.0,0.8
1998,84,21,-3.8,9.2,1.2
1998,84,22,-3.6,7.8,1.0
1998,84,23,-1.7,9.2,4.0
1998,85,0,-3.3,10.0,2.4
1998,85,1,-4.0,9.9,2.2
1998,85,2,-5.6,10.1,1.4
1998,85,3,-3.8,10.2,3.9
1998,85,4,-2.7,10.1,6.2
1998,85,5,-4.3,9.3,5.1
1998,85,6,-4.5,8.0,5.6
1998,85,7,-2.3,8.8,5.2
1998,85,8,1.0,7.5,6.6
1998,85,9,2.8,7.4,6.8
1998,85,10,6.4,4.0,4.8
1998,85,11,3.2,-6.5,-3.5
1998,85,12,2.4,-7.7,-4.0
1998,85,13,4.1,-5.8,-1.6
1998,85,14,7.1,-2.4,-0.5
1998,85,15,4.8,-4.6,1.3
1998,85,16,3.7,-5.7,-1.7
1998,85,17,4.0,-4.4,0.0
1998,85,18,6.3,-1.3,2.4
1998,85,19,6.3,-2.2,3.4
1998,85,20,4.6,-3.7,2.1
1998,85,21,5.1,-3.9,3.2
1998,85,22,7.1,-2.6,3.8
1998,85,23,3.6,-4.0,-2.3
1998,86,0,4.7,-2.8,0.3
1998,86,1,4.4,-3.5,2.1
1998,86,2,7.1,-4.6,2.3
1998,86,3,5.7,-6.0,1.2
1998,86,4,7.0,-3.9,1.9
1998,86,5,7.0,-2.9,0.7
1998,86,6,5.8,-4.5,1.5
1998,86,7,3.7,-6.7,-1.6
1998,86,8,3.4,-5.7,0.6
1998,86,9,7.0,0.5,3.4
1998,86,10,0.5,-7.0,0.2
1998,86,11,3.5,-6.0,-1.8
1998,86,12,5.3,0.0,4.6
1998,86,13,5.7,2.3,5.1
1998,86,14,2.3,-5.8,0.8
1998,86,15,1.6,-3.9,0.8
1998,86,16,3.1,-2.7,4.7
1998,86,17,4.1,-0.6,2.5
1998,86,18,4.4,-1.3,0.7
1998,86,19,4.1,-1.8,-0.1
1998,86,20,3.5,-2.1,-1.5
1998,86,21,4.0,-1.5,0.3
1998,86,22,3.1,-2.7,-0.4
1998,86,23,2.9,-2.4,-0.7
1998,87,0,1.7,-2.4,-0.2
1998,87,1,1.8,-3.4,-0.6
1998,87,2,2.5,-1.9,0.6
1998,87,3,2.9,-1.0,0.5
1998,87,4,0.7,-3.4,-0.4
1998,87,5,-1.8,-2.6,-2.7
1998,87,6,4.1,-1.8,1.6
1998,87,7,3.4,-1.5,2.4
1998,87,8,2.5,-2.0,2.5
1998,87,9,-2.3,-3.0,-3.6
1998,87,10,-1.6,-2.7,-3.9
1998,87,11,-2.6,-3.3,-3.3
1998,87,12,1.3,-3.7,0.1
1998,87,13,3.5,-2.8,0.8
1998,87,14,3.6,-2.4,2.8
1998,87,15,3.4,-2.4,2.6
1998,87,16,3.6,-2.3,2.3
1998,87,17,4.0,-1.6,2.0
1998,87,18,4.3,-1.9,0.0
1998,87,19,5.5,-0.4,1.9
1998,87,20,5.3,-1.5,1.8
1998,87,21,4.9,-1.6,2.7
1998,87,22,3.7,-2.6,2.9
1998,87,23,-0.1,-3.2,-4.0
1998,88,0,1.0,-7.9,-4.3
1998,88,1,2.4,-8.2,1.3
1998,88,2,5.1,-3.9,4.7
1998,88,3,1.7,-1.8,-4.3
1998,88,4,2.5,-1.8,2.9
1998,88,5,3.6,-0.5,3.2
1998,88,6,3.1,-4.0,1.9
1998,88,7,3.8,-0.8,3.3
1998,88,8,4.7,-1.4,-0.2
1998,88,9,3.6,-0.3,3.5
1998,88,10,2.8,-0.6,4.3
1998,88,11,3.1,-2.3,2.0
1998,88,12,4.1,-0.8,3.2
1998,88,13,2.3,-2.3,0.7
1998,88,14,3.6,-3.1,-2.1
1998,88,15,0.8,-2.2,-5.3
1998,88,16,-1.1,-2.8,-5.7
1998,88,17,0.4,-3.7,-5.5
1998,88,18,1.7,-3.6,-4.2
1998,88,19,4.5,-2.7,1.5
1998,88,20,4.5,-3.0,2.0
1998,88,21,4.1,-3.1,2.4
1998,88,22,2.7,-4.9,1.5
1998,88,23,2.4,-3.3,3.9
1998,89,0,1.8,-3.2,3.7
1998,89,1,1.5,-0.6,4.1
1998,89,2,1.7,-1.8,2.0
1998,89,3,3.2,-1.8,2.0
1998,89,4,3.7,-1.3,2.3
1998,89,5,4.0,-0.7,-1.3
1998,89,6,0.9,-2.9,-2.5
1998,89,7,1.9,-0.9,-3.6
1998,89,8,1.8,-2.6,-2.9
1998,89,9,1.6,-1.9,-1.4
1998,89,10,3.1,-1.9,-1.2
1998,89,11,3.8,-1.7,1.6
1998,89,12,4.3,-1.3,1.5
1998,89,13,1.7,-1.9,-1.4
1998,89,14,-0.6,-3.3,-2.9
1998,89,15,0.5,-1.8,-3.5
1998,89,16,2.9,-2.1,-1.6
1998,89,17,3.4,-2.0,-1.7
1998,89,18,3.1,-2.9,-0.8
1998,89,19,3.9,-1.6,-0.7
1998,89,20,4.5,-2.3,-0.3
1998,89,21,4.3,-2.7,0.4
1998,89,22,3.6,-4.0,0.4
1998,89,23,1.6,-5.8,0.6
1998,90,0,1.7,-6.1,1.5
1998,90,1,2.5,-6.0,1.5
1998,90,2,2.0,-4.6,1.1
1998,90,3,-0.4,-1.6,-3.1
1998,90,4,2.2,-6.1,-3.0
1998,90,5,0.5,-5.9,-2.8
1998,90,6,1.1,-2.8,0.3
1998,90,7,0.7,2.9,2.9
1998,90,8,0.7,2.0,1.5
1998,90,9,1.4,1.6,1.8
1998,90,10,3.7,0.2,2.5
1998,90,11,3.8,1.2,4.1
1998,90,12,3.5,2.9,3.4
1998,90,13,3.3,2.2,2.5
1998,90,14,4.5,2.0,1.8
1998,90,15,5.7,0.5,1.3
1998,90,16,6.2,-0.3,1.0
1998,90,17,6.6,-0.8,1.2
1998,90,18,6.2,-1.1,2.5
1998,90,19,6.6,-1.2,2.0
1998,90,20,6.6,-1.4,2.0
1998,90,21,6.8,-2.0,1.4
1998,90,22,6.2,-1.5,2.2
1998,90,23,5.8,-1.8,1.5
1998,91,0,5.3,-2.4,1.2
1998,91,1,6.0,-2.1,1.4
1998,91,2,5.8,-2.6,-0.3
1998,91,3,4.8,-2.1,-1.9
1998,91,4,5.4,-1.6,-1.4
1998,91,5,5.6,-1.8,-0.9
1998,91,6,5.4,-2.3,-0.7
1998,91,7,5.6,-1.9,-0.8
1998,91,8,5.3,-2.1,-0.1
1998,91,9,5.4,-2.2,0.2
1998,91,10,5.3,-1.9,0.5
1998,91,11,5.2,-1.5,1.5
1998,91,12,4.8,-1.7,1.6
1998,91,13,5.0,-1.1,1.6
1998,91,14,4.9,-1.4,2.1
1998,91,15,4.9,-2.4,2.9
1998,91,16,4.6,-2.3,4.0
1998,91,17,4.4,-4.1,3.3
1998,91,18,6.4,-3.1,2.9
1998,91,19,6.2,-1.2,3.6
1998,91,20,7.8,1.3,2.9
1998,91,21,7.0,3.7,2.2
1998,91,22,6.2,5.1,1.1
1998,91,23,5.7,4.9,0.7
1998,92,0,6.2,3.5,0.6
1998,92,1,7.0,1.8,1.1
1998,92,2,7.2,1.0,0.1
1998,92,3,7.1,1.2,-0.6
1998,92,4,6.8,0.8,-0.8
1998,92,5,6.2,0.8,-1.0
1998,92,6,5.5,1.6,-0.7
1998,92,7,4.9,1.8,0.3
1998,92,8,4.7,1.6,0.7
1998,92,9,4.8,0.6,-0.3
1998,92,10,4.8,-0.2,0.1
1998,92,11,4.6,-0.7,-0.6
1998,92,12,4.5,-1.7,-0.6
1998,92,13,4.4,-2.8,-0.2
1998,92,14,4.4,-1.9,0.0
1998,92,15,4.3,-2.1,-0.1
1998,92,16,5.8,-1.1,-1.1
1998,92,17,5.5,-1.4,-0.8
1998,92,18,5.4,-1.2,1.1
1998,92,19,5.0,-2.1,1.4
1998,92,20,3.9,-3.7,0.9
1998,92,21,1.6,-5.7,1.9
1998,92,22,-0.1,-7.0,1.9
1998,92,23,-3.0,-7.0,3.9
1998,93,0,-3.7,-7.5,3.9
1998,93,1,-4.9,-6.5,4.4
1998,93,2,-6.4,-2.6,4.1
1998,93,3,-6.1,3.4,3.8
1998,93,4,-5.3,4.4,1.3
1998,93,5,-2.0,4.1,-1.2
1998,93,6,-2.3,4.9,0.7
1998,93,7,-2.3,4.6,-2.2
1998,93,8,-4.0,5.5,1.5
1998,93,9,-5.6,5.0,1.4
1998,93,10,-3.6,6.1,1.5
1998,93,11,-5.0,4.6,2.1
1998,93,12,-6.1,3.2,1.6
1998,93,13,-3.6,4.7,0.5
1998,93,14,-3.5,-1.1,-2.1
1998,93,15,-4.9,-0.6,0.2
1998,93,16,-3.6,-2.8,-2.7
1998,93,17,-4.4,5.9,-4.8
1998,93,18,-4.0,5.5,-0.6
1998,93,19,-3.0,4.9,1.0
1998,93,20,-2.8,5.5,-0.8
1998,93,21,-3.7,5.1,0.7
1998,93,22,-3.6,4.8,0.0
1998,93,23,-3.5,1.7,-1.7
1998,94,0,-1.7,-1.2,-2.7
1998,94,1,-3.0,-1.0,-2.7
1998,94,2,0.5,-4.3,-4.1
1998,94,3,-4.2,-1.5,-5.2
1998,94,4,-0.5,-2.2,-5.2
1998,94,5,-2.4,-4.0,-2.9
1998,94,6,-4.0,-3.6,-4.1
1998,94,7,-2.9,-4.0,-4.1
1998,94,8,-3.7,-4.2,2.2
1998,94,9,-3.1,-4.4,4.2
1998,94,10,-1.9,-1.2,7.5
1998,94,11,-4.5,5.0,3.0
1998,94,12,-9.0,1.2,3.0
1998,94,13,-7.8,-4.8,2.7
1998,94,14,-1.2,-7.5,4.8
1998,94,15,-2.2,3.7,1.4
1998,94,16,-7.2,0.8,8.6
1998,94,17,-4.5,6.3,0.5
1998,94,18,-6.3,1.3,9.2
1998,94,19,-4.6,2.8,9.0
1998,94,20,-3.8,4.1,7.8
1998,94,21,-2.8,0.5,2.6
1998,94,22,-2.1,1.0,-0.4
1998,94,23,-3.5,7.2,0.5
1998,95,0,1.3,5.5,-1.0
1998,95,1,-2.5,4.8,-0.3
1998,95,2,-2.6,6.6,0.9
1998,95,3,-2.4,3.6,-0.5
1998,95,4,-2.3,3.4,-0.2
1998,95,5,-1.4,-0.9,-1.0
1998,95,6,-0.8,3.0,0.3
1998,95,7,-1.3,2.4,-2.4
1998,95,8,-0.6,0.8,1.5
1998,95,9,0.8,1.3,1.4
1998,95,10,2.4,0.5,2.2
1998,95,11,2.4,0.8,0.8
1998,95,12,1.8,1.7,-0.6
1998,95,13,1.5,2.1,-2.0
1998,95,14,1.1,2.7,0.4
1998,95,15,1.3,2.6,0.0
1998,95,16,-3.1,1.2,2.0
1998,95,17,-2.0,0.5,1.2
1998,95,18,-2.9,0.8,2.1
1998,95,19,-1.6,0.6,2.2
1998,95,20,-0.6,1.8,2.0
1998,95,21,-1.2,1.2,2.1
1998,95,22,-2.1,1.5,1.6
1998,95,23,-0.7,1.9,0.0
1998,96,0,1.1,2.7,-2.3
1998,96,1,-1.1,2.3,-0.5
1998,96,2,-1.5,2.5,0.9
1998,96,3,-1.7,2.4,0.9
1998,96,4,-1.3,1.2,3.3
1998,96,5,-0.7,1.2,3.5
1998,96,6,-0.8,1.5,3.2
1998,96,7,-1.0,4.6,1.7
1998,96,8,0.5,5.4,0.2
1998,96,9,0.0,5.1,-0.2
1998,96,10,-0.4,4.3,-2.3
1998,96,11,0.2,4.2,-3.2
1998,96,12,1.1,4.3,-3.6
1998,96,13,1.4,3.7,-3.7
1998,96,14,1.4,4.4,-3.5
1998,96,15,0.3,4.3,-3.3
1998,96,16,0.8,4.2,-3.3
1998,96,17,0.2,4.8,-1.8
1998,96,18,1.4,2.8,-3.6
1998,96,19,0.5,4.5,-2.1
1998,96,20,1.2,4.8,-1.9
1998,96,21,1.9,3.7,-3.8
1998,96,22,1.6,4.2,-3.4
1998,96,23,0.3,4.4,-2.1
1998,97,0,0.1,3.6,-1.7
1998,97,1,-1.3,1.0,-3.0
1998,97,2,1.8,3.0,2.0
1998,97,3,3.1,4.7,-1.3
1998,97,4,2.7,3.7,-3.2
1998,97,5,1.8,3.0,-1.4
1998,97,6,0.7,0.9,-0.2
1998,97,7,4.0,2.2,-1.2
1998,97,8,3.9,2.8,-1.2
1998,97,9,4.6,2.0,-0.8
1998,97,10,4.8,2.2,-0.8
1998,97,11,4.7,1.9,-0.9
1998,97,12,4.9,1.7,-0.8
1998,97,13,4.7,1.7,-0.5
1998,97,14,6.2,0.8,-0.7
1998,97,15,7.0,-0.2,0.6
1998,97,16,6.8,-1.1,0.4
1998,97,17,6.7,0.6,-1.5
1998,97,18,10.4,-0.1,-6.0
1998,97,19,12.0,-5.1,-3.4
1998,97,20,8.1,-7.6,1.5
1998,97,21,4.0,-7.2,3.6
1998,97,22,3.3,-11.1,4.3
1998,97,23,5.3,-10.7,1.1
1998,98,0,6.6,-10.3,0.6
1998,98,1,7.3,-7.8,5.2
1998,98,2,9.6,-10.4,1.5
1998,98,3,10.0,-10.8,3.2
1998,98,4,10.4,-10.3,2.6
1998,98,5,9.7,-10.5,2.1
1998,98,6,9.2,-10.2,0.9
1998,98,7,10.2,-7.3,1.5
1998,98,8,9.4,-8.0,3.8
1998,98,9,9.4,-7.6,2.6
1998,98,10,8.3,-7.2,1.9
1998,98,11,5.9,3.0,4.7
1998,98,12,1.8,7.7,5.9
1998,98,13,1.5,6.4,5.6
1998,98,14,2.7,6.2,5.2
1998,98,15,3.8,7.2,3.2
1998,98,16,5.3,5.3,3.2
1998,98,17,5.6,0.0,2.9
1998,98,18,2.4,-7.9,0.9
1998,98,19,1.7,-9.2,-0.6
1998,98,20,2.9,-9.8,-1.2
1998,98,21,3.5,-9.5,-0.8
1998,98,22,4.1,-8.8,0.1
1998,98,23,4.3,-7.6,0.6
1998,99,0,4.0,-7.9,-1.4
1998,99,1,4.0,-7.6,-1.3
1998,99,2,4.1,-7.2,-1.7
1998,99,3,5.2,-6.9,-0.5
1998,99,4,5.2,-3.0,0.7
1998,99,5,3.5,-1.0,0.8
1998,99,6,0.9,-1.8,-0.8
1998,99,7,1.2,-6.5,-2.2
1998,99,8,2.7,-6.0,-1.6
1998,99,9,3.6,-6.0,-1.3
1998,99,10,3.5,-6.0,-1.7
1998,99,11,-0.2,-6.6,-3.5
1998,99,12,1.0,-6.4,-1.9
1998,99,13,2.2,-6.8,-1.2
1998,99,14,2.9,-7.0,-0.6
1998,99,15,4.0,-6.2,-0.3
1998,99,16,3.4,-7.2,0.2
1998,99,17,0.8,-6.2,-2.4
1998,99,18,1.3,-5.7,1.2
1998,99,19,-0.7,-4.7,-3.4
1998,99,20,-0.8,-4.7,-3.0
1998,99,21,0.9,-5.4,-3.0
1998,99,22,2.7,-4.7,-2.9
1998,99,23,3.3,-4.6,-1.5
1998,100,0,4.7,-3.6,0.2
1998,100,1,5.0,-4.0,0.0
1998,100,2,4.7,-1.9,4.4
1998,100,3,5.4,-1.7,3.9
1998,100,4,4.0,-5.1,0.2
1998,100,5,1.2,-3.6,-1.9
1998,100,6,-0.2,-1.7,-3.9
1998,100,7,2.4,-0.5,0.8
1998,100,8,-1.8,1.8,-2.1
1998,100,9,-3.6,0.9,-1.3
1998,100,10,-2.5,-0.7,-1.8
1998,100,11,2.8,-2.1,1.2
1998,100,12,2.7,-2.8,2.6
1998,100,13,0.2,-2.1,-0.2
1998,100,14,-1.4,-3.2,-1.1
1998,100,15,-1.2,-1.3,-5.9
1998,100,16,-2.0,-3.5,-7.4
1998,100,17,-3.3,-6.3,-2.9
1998,100,18,0.0,-2.5,-5.0
1998,100,19,-0.8,1.1,-7.4
1998,100,20,0.6,-0.4,-6.9
1998,100,21,0.1,-2.9,-2.4
1998,100,22,-1.1,-6.7,2.2
1998,100,23,1.2,-1.6,-1.1
1998,101,0,3.6,1.0,-3.5
1998,101,1,3.8,-2.8,-1.4
1998,101,2,5.4,-2.3,-1.3
1998,101,3,6.4,-2.0,1.0
1998,101,4,4.9,-3.4,2.7
1998,101,5,2.7,-3.6,2.3
1998,101,6,0.9,-3.3,3.2
1998,101,7,0.1,-4.9,0.5
1998,101,8,2.6,-4.3,-2.1
1998,101,9,2.6,-5.4,-1.0
1998,101,10,0.5,-6.0,1.8
1998,101,11,-2.1,-3.7,5.0
1998,101,12,1.3,-6.6,1.0
1998,101,13,0.5,0.8,5.3
1998,101,14,1.3,-3.7,4.1
1998,101,15,-0.2,-7.0,-0.5
1998,101,16,-1.2,-5.1,1.1
1998,101,17,-0.5,-6.6,-0.5
1998,101,18,-0.4,-6.6,-2.9
1998,101,19,-0.8,-6.6,-4.4
1998,101,20,-0.8,-6.4,-5.1
1998,101,21,2.9,-6.9,-2.6
1998,101,22,3.3,-7.6,-2.2
1998,101,23,2.5,-9.0,-1.8
1998,102,0,1.1,-9.1,1.9
1998,102,1,-1.1,-9.0,-1.2
1998,102,2,0.2,-9.3,0.2
1998,102,3,0.9,-9.6,0.3
1998,102,4,1.1,-9.4,0.7
1998,102,5,2.6,-8.9,1.0
1998,102,6,2.5,-9.0,0.2
1998,102,7,3.1,-8.6,0.6
1998,102,8,2.8,-8.6,0.3
1998,102,9,-1.1,-7.2,-3.0
1998,102,10,4.4,-5.1,0.6
1998,102,11,4.0,-5.6,1.7
1998,102,12,5.5,-3.8,3.7
1998,102,13,5.3,-4.1,4.1
1998,102,14,4.9,-3.8,5.1
1998,102,15,5.1,-3.4,5.1
1998,102,16,4.5,-4.0,5.2
1998,102,17,4.9,-3.8,5.9
1998,102,18,4.9,-0.9,8.3
1998,102,19,4.3,-1.7,7.9
1998,102,20,3.8,-2.6,8.4
1998,102,21,4.8,-4.5,6.2
1998,102,22,4.8,-2.2,7.4
1998,102,23,4.3,-3.9,6.3
1998,103,0,4.6,-2.1,6.9
1998,103,1,3.9,-4.3,6.2
1998,103,2,4.5,-2.5,7.0
1998,103,3,3.9,0.2,7.8
1998,103,4,4.3,1.4,7.1
1998,103,5,3.2,1.2,5.3
1998,103,6,2.1,1.5,3.5
1998,103,7,3.0,2.8,4.7
1998,103,8,2.0,2.7,5.2
1998,103,9,3.6,3.2,3.2
1998,103,10,2.7,3.0,3.5
1998,103,11,3.1,2.7,3.2
1998,103,12,3.0,2.4,4.0
1998,103,13,2.4,2.1,4.6
1998,103,14,2.1,3.7,3.8
1998,103,15,1.9,4.5,4.0
1998,103,16,1.3,5.0,4.2
1998,103,17,2.4,2.6,6.5
1998,103,18,1.1,0.1,6.2
1998,103,19,0.6,-4.5,-0.8
1998,103,20,1.4,-5.3,-2.0
1998,103,21,1.2,-2.1,-1.9
1998,103,22,0.7,-1.4,0.8
1998,103,23,-0.1,-0.7,1.9
1998,104,0,0.7,-0.8,0.6
1998,104,1,0.0,-0.6,0.6
1998,104,2,1.2,-2.2,-0.4
1998,104,3,0.7,-5.0,-1.2
1998,104,4,3.5,-1.9,0.7
1998,104,5,3.2,-0.9,-2.3
1998,104,6,2.5,-4.8,-0.6
1998,104,7,1.3,-4.1,-2.0
1998,104,8,0.0,-4.7,-2.4
1998,104,9,0.6,-3.7,-4.7
1998,104,10,1.7,-4.2,-3.0
1998,104,11,1.5,-3.7,-3.3
1998,104,12,2.5,-4.0,-0.9
1998,104,13,2.5,-2.2,1.5
1998,104,14,2.9,-2.1,0.2
1998,104,15,3.0,-3.2,-1.2
1998,104,16,3.1,-3.3,-1.9
1998,104,17,4.0,-1.5,-0.3
1998,104,18,3.8,1.3,-1.4
1998,104,19,3.8,2.1,-2.3
1998,104,20,4.1,0.9,-2.1
1998,104,21,-0.6,5.5,-0.9
1998,104,22,-1.3,5.0,-0.8
1998,104,23,-0.8,3.3,0.1
1998,105,0,1.7,1.1,2.3
1998,105,1,4.0,-0.3,3.4
1998,105,2,2.4,3.4,2.8
1998,105,3,1.1,3.3,2.4
1998,105,4,3.3,-0.1,1.2
1998,105,5,-0.8,2.2,1.1
1998,105,6,0.2,3.3,0.6
1998,105,7,3.9,3.6,-0.1
1998,105,8,4.4,2.4,1.4
1998,105,9,-2.5,4.2,-0.7
1998,105,10,-2.7,4.4,0.1
1998,105,11,-1.1,4.1,1.8
1998,105,12,-2.6,3.3,0.8
1998,105,13,-2.5,4.2,0.3
1998,105,14,-0.4,3.3,-0.5
1998,105,15,4.9,0.8,-0.9
1998,105,16,5.7,0.9,0.4
1998,105,17,5.8,0.2,-0.5
1998,105,18,6.4,-0.2,-1.4
1998,105,19,6.8,-1.1,0.5
1998,105,20,6.5,-0.2,0.4
1998,105,21,6.6,1.1,0.4
1998,105,22,6.6,-2.4,0.4
1998,105,23,6.0,-2.0,4.6
1998,106,0,4.7,-1.9,3.9
1998,106,1,6.0,-4.0,1.1
1998,106,2,7.3,-2.2,1.0
1998,106,3,7.2,2.1,1.7
1998,106,4,5.5,3.5,3.8
1998,106,5,5.9,3.4,4.6
1998,106,6,1.1,3.5,6.5
1998,106,7,4.9,2.4,2.7
1998,106,8,0.7,-0.3,0.5
1998,106,9,-0.6,7.9,-3.5
1998,106,10,1.2,0.6,0.5
1998,106,11,-4.6,8.5,-2.2
1998,106,12,-1.4,10.3,-2.2
1998,106,13,-3.1,10.2,-2.1
1998,106,14,-3.8,8.5,-0.3
1998,106,15,-4.7,5.8,-0.6
1998,106,16,-5.5,6.1,0.4
1998,106,17,-3.5,8.0,1.0
1998,106,18,-5.2,9.7,-0.4
1998,106,19,-5.6,9.4,-1.4
1998,106,20,-6.6,9.0,-2.2
1998,106,21,-4.4,4.2,-6.2
1998,106,22,-5.2,6.3,-1.6
1998,106,23,-6.0,9.2,-1.3
1998,107,0,-7.9,7.7,2.5
1998,107,1,-6.7,2.9,7.2
1998,107,2,-4.4,6.2,-2.0
1998,107,3,-0.3,9.2,-6.7
1998,107,4,-8.2,7.2,0.0
1998,107,5,-9.7,6.4,2.4
1998,107,6,-8.1,6.0,1.1
1998,107,7,-2.9,3.3,-1.0
1998,107,8,0.3,0.2,-4.5
1998,107,9,-1.3,4.6,-6.4
1998,107,10,-6.3,8.7,-1.2
1998,107,11,-7.2,9.8,1.3
1998,107,12,-8.1,8.1,0.8
1998,107,13,-6.5,6.4,-5.0
1998,107,14,-6.3,6.4,-1.4
1998,107,15,-7.2,5.4,2.9
1998,107,16,-7.0,3.9,1.4
1998,107,17,-6.8,4.4,-0.1
1998,107,18,-6.6,4.3,-1.4
1998,107,19,-5.9,3.2,1.7
1998,107,20,-5.1,0.9,9.4
1998,107,21,-6.0,3.2,8.0
1998,107,22,-8.7,3.8,5.2
1998,107,23,-7.2,5.4,0.5
1998,108,0,-7.7,3.5,6.2
1998,108,1,-6.7,6.1,0.7
1998,108,2,-7.8,5.0,3.2
1998,108,3,-7.6,5.2,4.2
1998,108,4,-8.0,7.1,1.2
1998,108,5,-7.0,7.0,0.2
1998,108,6,-6.3,5.9,1.7
1998,108,7,-3.9,7.0,0.0
1998,108,8,-2.9,5.5,1.4
1998,108,9,-2.7,5.4,-0.2
1998,108,10,-1.9,4.9,0.0
1998,108,11,-3.0,4.9,-0.3
1998,108,12,-4.2,3.4,-1.0
1998,108,13,-4.7,5.1,1.5
1998,108,14,-2.9,6.2,0.6
1998,108,15,-3.1,5.3,1.1
1998,108,16,-0.3,2.1,2.0
1998,108,17,-3.1,1.8,1.6
1998,108,18,-3.9,1.3,1.3
1998,108,19,-3.7,1.7,1.4
1998,108,20,-1.9,2.7,1.9
1998,108,21,-2.6,3.0,1.4
1998,108,22,-3.4,2.8,1.3
1998,108,23,-3.6,2.7,1.4
1998,109,0,-1.9,3.2,1.5
1998,109,1,-1.5,3.4,1.5
1998,109,2,-3.8,2.7,1.3
1998,109,3,-2.7,3.4,1.8
1998,109,4,-2.8,3.7,1.5
1998,109,5,-3.9,3.2,1.4
1998,109,6,-3.5,4.0,1.3
1998,109,7,-4.7,3.0,1.7
1998,109,8,-4.5,2.9,2.1
1998,109,9,-5.4,1.9,2.2
1998,109,10,-5.5,2.0,2.3
1998,109,11,-3.7,2.9,1.7
1998,109,12,-3.7,2.5,1.7
1998,109,13,-3.5,1.1,0.3
1998,109,14,-4.6,0.0,-0.2
1998,109,15,-3.6,-2.5,-3.3
1998,109,16,0.3,0.9,-3.5
1998,109,17,1.2,2.3,-3.4
1998,109,18,2.4,-1.3,-4.1
1998,109,19,-0.1,-2.3,-4.1
1998,109,20,-0.2,-1.6,-4.2
1998,109,21,-0.7,-0.4,-4.3
1998,109,22,-0.5,1.2,-0.8
1998,109,23,-2.5,2.3,2.2
1998,110,0,-2.0,3.3,2.5
1998,110,1,-2.6,2.9,1.0
1998,110,2,-3.5,2.5,-0.6
1998,110,3,-0.4,-4.1,-2.6
1998,110,4,-3.1,-0.5,-1.6
1998,110,5,-3.3,-2.6,-1.6
1998,110,6,-0.7,-4.1,-1.5
1998,110,7,0.6,-0.7,-5.0
1998,110,8,0.2,-5.8,-1.2
1998,110,9,-0.8,-5.2,-2.6
1998,110,10,0.8,-1.5,-5.4
1998,110,11,-1.5,-3.2,-4.5
1998,110,12,0.1,1.8,-5.8
1998,110,13,-2.1,-3.3,-1.1
1998,110,14,-4.2,-2.6,7.0
1998,110,15,-3.1,-1.5,8.6
1998,110,16,-4.1,-4.1,7.4
1998,110,17,-5.2,-4.8,6.2
1998,110,18,-4.6,-4.8,5.6
1998,110,19,-2.9,-5.7,5.0
1998,110,20,-2.6,-6.0,3.9
1998,110,21,-3.4,-6.5,2.2
1998,110,22,-3.6,-6.2,1.2
1998,110,23,-4.8,-5.3,1.9
1998,111,0,-6.2,-3.0,-0.5
1998,111,1,-6.1,-3.0,1.6
1998,111,2,-3.2,-3.2,-2.2
1998,111,3,-2.5,-1.7,-2.8
1998,111,4,-1.7,1.5,-2.1
1998,111,5,-1.8,2.1,-0.1
1998,111,6,-3.6,-1.3,1.9
1998,111,7,-5.4,-2.1,2.0
1998,111,8,-3.0,-3.1,1.3
1998,111,9,-0.6,-1.1,-2.9
1998,111,10,-2.4,-2.1,-1.9
1998,111,11,-4.0,2.3,-4.3
1998,111,12,-6.1,0.8,-4.5
1998,111,13,-9.0,2.3,-1.4
1998,111,14,-6.8,4.2,4.1
1998,111,15,-3.7,7.7,0.7
1998,111,16,-1.3,6.7,-4.8
1998,111,17,-1.8,7.5,-1.6
1998,111,18,-1.0,6.9,-2.4
1998,111,19,-0.3,5.8,-3.3
1998,111,20,-3.0,6.0,-2.4
1998,111,21,-1.6,5.1,-3.8
1998,111,22,0.9,6.0,-3.5
1998,111,23,0.9,5.6,-3.4
1998,112,0,0.3,6.1,-3.1
1998,112,1,0.4,6.1,-3.2
1998,112,2,2.3,5.2,-3.4
1998,112,3,0.5,5.6,-3.5
1998,112,4,-2.6,6.0,-2.5
1998,112,5,-1.1,5.7,-3.2
1998,112,6,-2.2,6.1,-2.4
1998,112,7,-2.7,5.2,-3.2
1998,112,8,-3.4,5.1,-2.9
1998,112,9,-1.5,4.7,-3.7
1998,112,10,-2.9,3.0,-3.9
1998,112,11,-3.7,3.7,-2.3
1998,112,12,-4.8,3.0,-0.2
1998,112,13,-2.4,3.2,-1.4
1998,112,14,-1.8,5.9,-1.9
1998,112,15,1.1,4.2,-5.4
1998,112,16,0.7,4.9,-3.4
1998,112,17,-2.0,7.0,-2.5
1998,112,18,-2.1,3.7,-5.8
1998,112,19,0.7,4.2,-5.0
1998,112,20,2.7,3.1,-4.6
1998,112,21,-0.6,4.5,-3.2
1998,112,22,-3.2,6.2,0.3
1998,112,23,-2.8,6.1,0.1
1998,113,0,-3.5,5.7,0.0
1998,113,1,-3.6,4.4,-4.0
1998,113,2,-4.2,4.2,-3.8
1998,113,3,-1.9,3.9,-5.7
1998,113,4,0.8,0.2,-7.5
1998,113,5,-1.8,4.1,-3.5
1998,113,6,-1.0,1.6,2.3
1998,113,7,-1.1,3.4,2.4
1998,113,8,-2.0,2.6,-1.4
1998,113,9,-3.7,0.5,-1.1
1998,113,10,-3.3,2.0,-1.1
1998,113,11,-1.7,2.2,-1.3
1998,113,12,-2.1,2.8,0.8
1998,113,13,-1.9,2.5,1.3
1998,113,14,-2.0,2.6,1.0
1998,113,15,-3.8,1.0,0.2
1998,113,16,-4.1,1.1,-0.4
1998,113,17,-4.3,1.5,-0.8
1998,113,18,-3.3,3.4,0.0
1998,113,19,2.9,-5.3,-3.9
1998,113,20,0.3,-0.1,-3.7
1998,113,21,-4.7,12.6,-2.8
1998,113,22,-1.7,-4.2,11.7
1998,113,23,1.3,-6.4,2.3
1998,114,0,6.3,0.0,-3.7
1998,114,1,7.0,-1.5,-9.1
1998,114,2,8.8,7.8,-2.2
1998,114,3,8.3,6.3,-5.2
1998,114,4,8.7,-4.4,-4.2
1998,114,5,6.1,-5.8,-4.7
1998,114,6,3.1,-6.3,-5.6
1998,114,7,7.4,-8.0,-1.7
1998,114,8,6.8,-8.8,-0.1
1998,114,9,4.3,-10.3,-3.2
1998,114,10,4.2,-8.6,-4.0
1998,114,11,8.4,-6.8,0.4
1998,114,12,3.9,-7.0,-1.1
1998,114,13,4.6,-7.9,-1.5
1998,114,14,8.6,-2.0,3.1
1998,114,15,8.9,-0.3,2.6
1998,114,16,8.2,-4.1,-0.7
1998,114,17,7.8,-3.0,-1.0
1998,114,18,8.0,-2.7,0.6
1998,114,19,7.9,-3.2,-0.5
1998,114,20,7.2,-2.0,4.0
1998,114,21,7.3,-4.2,0.8
1998,114,22,3.8,-6.1,-3.0
1998,114,23,5.1,-5.0,-2.6
1998,115,0,6.9,-5.4,0.7
1998,115,1,5.3,-6.9,-1.4
1998,115,2,1.0,-5.7,-5.4
1998,115,3,2.3,-5.9,-3.9
1998,115,4,2.2,-4.8,-2.3
1998,115,5,1.9,-3.8,-1.0
1998,115,6,1.8,-6.2,1.6
1998,115,7,-0.2,-6.4,-2.2
1998,115,8,4.3,-3.3,2.8
1998,115,9,4.9,-1.8,-0.2
1998,115,10,0.2,-2.4,-0.6
1998,115,11,3.4,-4.0,0.1
1998,115,12,6.3,-3.5,3.2
1998,115,13,-2.2,-4.3,-3.6
1998,115,14,1.8,-2.2,-0.4
1998,115,15,-0.1,-1.6,-3.2
1998,115,16,-0.7,-3.1,-3.4
1998,115,17,2.6,-2.7,0.3
1998,115,18,1.8,-4.6,-3.3
1998,115,19,-2.1,-1.1,-6.0
1998,115,20,1.4,-2.2,-2.9
1998,115,21,3.4,-4.4,3.1
1998,115,22,5.0,-3.7,4.7
1998,115,23,2.0,-4.5,1.3
1998,116,0,-1.1,-3.2,-5.0
1998,116,1,2.0,-3.9,0.8
1998,116,2,1.6,-5.3,-1.4
1998,116,3,2.3,-4.6,2.1
1998,116,4,2.6,-5.8,0.2
1998,116,5,-0.3,-7.5,-0.9
1998,116,6,1.2,-4.0,-2.0
1998,116,7,0.3,-6.3,-2.0
1998,116,8,3.0,-5.8,-0.8
1998,116,9,0.8,4.9,-1.0
1998,116,10,-1.9,3.3,-1.8
1998,116,11,-3.8,4.1,-5.1
1998,116,12,-3.1,8.0,-2.9
1998,116,13,-2.3,-4.6,-7.0
1998,116,14,-1.7,-6.3,-6.0
1998,116,15,-0.9,-7.3,-4.4
1998,116,16,-0.9,-7.2,-4.3
1998,116,17,-0.9,-6.9,0.6
1998,116,18,1.3,-5.7,2.2
1998,116,19,1.0,0.6,2.5
1998,116,20,4.7,-1.5,0.0
1998,116,21,4.6,-3.6,-1.7
1998,116,22,1.8,-0.4,-1.6
1998,116,23,4.1,2.8,-1.4
1998,117,0,2.5,-2.4,-2.0
1998,117,1,1.8,-3.0,-4.1
1998,117,2,2.1,-4.0,1.1
1998,117,3,2.9,-3.4,-0.8
1998,117,4,3.6,-3.4,-0.1
1998,117,5,4.8,-0.3,-0.7
1998,117,6,4.3,-2.8,0.4
1998,117,7,4.0,-3.3,-0.4
1998,117,8,2.4,-4.1,-1.4
1998,117,9,1.7,-3.4,1.4
1998,117,10,2.2,-2.3,0.3
1998,117,11,1.4,-3.4,0.3
1998,117,12,2.4,-2.5,-1.1
1998,117,13,3.4,-1.3,-1.8
1998,117,14,2.6,-1.6,-0.8
1998,117,15,1.1,-3.7,2.2
1998,117,16,0.4,-3.4,3.7
1998,117,17,0.7,-3.1,3.3
1998,117,18,2.6,-1.6,0.7
1998,117,19,3.8,-0.7,-1.6
1998,117,20,4.0,2.3,0.6
1998,117,21,1.1,-0.2,1.6
1998,117,22,1.4,-0.9,2.0
1998,117,23,0.2,-4.0,1.2
1998,118,0,-1.6,-3.2,-2.5
1998,118,1,0.1,-3.8,-0.6
1998,118,2,-0.1,-4.5,-0.5
1998,118,3,-0.8,-3.5,-0.9
1998,118,4,-0.3,-3.4,1.7
1998,118,5,-0.9,-4.2,0.9
1998,118,6,-1.4,-2.8,-1.4
1998,118,7,0.4,-3.8,1.4
1998,118,8,-0.9,-3.6,1.0
1998,118,9,0.7,-0.4,-1.2
1998,118,10,2.3,-0.4,-0.8
1998,118,11,1.4,-1.4,-0.6
1998,118,12,-0.1,-2.9,-0.6
1998,118,13,0.6,-3.6,-0.6
1998,118,14,0.7,-3.6,0.2
1998,118,15,4.1,-1.5,0.0
1998,118,16,3.2,-2.6,-1.1
1998,118,17,3.3,-2.3,0.1
1998,118,18,3.4,-2.7,0.9
1998,118,19,1.5,-3.6,-0.6
1998,118,20,0.8,-4.6,-1.0
1998,118,21,1.4,-3.6,-1.4
1998,118,22,3.4,-2.2,-1.3
1998,118,23,2.6,-2.2,-0.8
1998,119,0,1.9,-2.6,-1.4
1998,119,1,2.3,-3.9,-1.3
1998,119,2,2.6,-3.7,-1.3
1998,119,3,3.3,-3.4,-0.5
1998,119,4,3.5,-3.2,-0.3
1998,119,5,3.9,-2.4,-1.2
1998,119,6,3.1,-2.3,-0.5
1998,119,7,3.2,-2.0,0.4
1998,119,8,2.2,-2.8,0.7
1998,119,9,-0.5,-3.6,-1.7
1998,119,10,-0.7,-3.0,-1.6
1998,119,11,-0.6,-3.6,-1.0
1998,119,12,1.3,-2.9,-0.8
1998,119,13,1.2,-2.6,-1.2
1998,119,14,2.5,-1.6,1.0
1998,119,15,2.7,-1.7,0.5
1998,119,16,2.5,-2.3,0.7
1998,119,17,2.6,-2.2,-0.6
1998,119,18,1.7,-2.4,-1.9
1998,119,19,2.3,-1.3,-1.4
1998,119,20,1.4,-2.1,-0.9
1998,119,21,1.9,-1.7,-1.6
1998,119,22,1.4,-2.4,-0.7
1998,119,23,0.8,-2.8,-0.2
1998,120,0,1.8,-2.0,-0.5
1998,120,1,1.6,-1.9,-1.3
1998,120,2,2.1,-0.7,-1.1
1998,120,3,1.6,-0.5,0.0
1998,120,4,0.8,-0.5,-0.6
1998,120,5,1.3,1.2,0.0
1998,120,6,0.3,0.3,0.9
1998,120,7,-0.1,0.2,0.7
1998,120,8,0.7,-0.1,0.2
1998,120,9,1.8,-0.3,0.3
1998,120,10,0.8,-2.2,-0.5
1998,120,11,0.4,-1.6,-1.3
1998,120,12,-0.9,1.9,0.3
1998,120,13,-1.3,1.1,-1.4
1998,120,14,2.0,-6.5,-8.4
1998,120,15,3.8,-6.3,-0.8
1998,120,16,2.3,-5.3,-1.7
1998,120,17,3.2,-2.0,-2.7
1998,120,18,-0.9,0.3,-1.8
1998,120,19,0.1,-1.2,-3.6
1998,120,20,-0.1,-1.3,-5.3
1998,120,21,3.9,1.0,-4.5
1998,120,22,4.4,-1.7,-2.0
1998,120,23,1.8,-2.3,-0.3
1998,121,0,2.1,-2.6,2.2
1998,121,1,-0.1,-0.2,2.5
1998,121,2,-3.8,3.4,2.5
1998,121,3,-5.8,4.9,1.4
1998,121,4,-6.9,2.9,-3.4
1998,121,5,-5.8,5.8,0.5
1998,121,6,-6.6,5.3,-2.2
1998,121,7,-7.6,4.9,-1.0
1998,121,8,-5.4,4.9,2.4
1998,121,9,-5.3,4.7,2.5
1998,121,10,-3.4,5.1,4.3
1998,121,11,-4.3,3.5,4.3
1998,121,12,-6.0,3.3,-0.7
1998,121,13,-7.2,3.8,-1.7
1998,121,14,-6.5,3.3,4.6
1998,121,15,-1.7,1.0,6.6
1998,121,16,-5.1,3.4,2.4
1998,121,17,1.4,3.1,4.9
1998,121,18,-6.1,3.8,-2.5
1998,121,19,-0.9,3.5,3.2
1998,121,20,-1.7,4.5,3.0
1998,121,21,-2.0,2.7,2.9
1998,121,22,-7.9,6.3,3.1
1998,121,23,-6.0,8.4,2.7
1998,122,0,-12.9,7.0,5.5
1998,122,1,-14.5,6.5,6.7
1998,122,2,-15.2,6.1,5.8
1998,122,3,-8.0,2.5,10.6
1998,122,4,-5.5,2.3,-0.1
1998,122,5,-9.8,9.7,-5.1
1998,122,6,-10.2,8.7,-5.9
1998,122,7,-11.5,9.9,-4.4
1998,122,8,-10.5,11.7,-3.0
1998,122,9,-6.2,7.1,-5.4
1998,122,10,7.5,0.8,-11.6
1998,122,11,10.7,-1.9,-8.9
1998,122,12,3.6,2.6,-11.4
1998,122,13,2.3,4.7,-12.6
1998,122,14,6.5,3.0,-9.9
1998,122,15,6.8,2.7,-8.6
1998,122,16,7.2,3.3,-8.1
1998,122,17,7.0,4.5,-9.4
1998,122,18,8.6,4.1,-7.1
1998,122,19,9.9,1.5,-5.5
1998,122,20,10.1,0.8,-4.7
1998,122,21,11.0,1.0,-3.7
1998,122,22,10.9,1.0,-3.7
1998,122,23,12.2,0.6,-4.0
1998,123,0,11.3,0.0,-3.6
1998,123,1,10.4,-0.5,-3.9
1998,123,2,9.1,0.8,-5.2
1998,123,3,8.6,-0.3,-4.4
1998,123,4,9.0,-0.6,-4.0
1998,123,5,7.4,0.9,-3.9
1998,123,6,7.8,-1.2,-3.5
1998,123,7,7.5,-2.8,-3.4
1998,123,8,5.9,-1.9,-3.3
1998,123,9,4.5,-2.2,-3.7
1998,123,10,4.9,-0.6,-2.9
1998,123,11,4.7,-1.9,-2.3
1998,123,12,4.9,-2.4,-2.6
1998,123,13,3.2,-5.0,-1.3
1998,123,14,2.0,-4.8,0.2
1998,123,15,1.0,-3.0,-0.3
1998,123,16,1.7,-1.8,-1.0
1998,123,17,2.2,-2.3,-2.0
1998,123,18,1.1,-5.7,-3.7
1998,123,19,0.5,-4.8,-5.0
1998,123,20,1.3,-5.0,-6.0
1998,123,21,2.5,-3.7,-7.2
1998,123,22,-5.1,-6.4,-4.6
1998,123,23,-3.1,-5.7,-6.5
1998,124,0,-3.7,-4.9,-4.5
1998,124,1,-3.3,-5.4,-4.3
1998,124,2,-0.4,-3.7,-3.8
1998,124,3,-3.0,-25.1,-16.5
1998,124,4,-0.8,-32.7,-21.6
1998,124,5,-3.7,-19.9,-7.3
1998,124,6,4.5,3.9,-0.6
1998,124,7,1.5,4.7,9.8
1998,124,8,-7.7,15.4,-0.4
1998,124,9,-9.7,5.0,5.4
1998,124,10,5.1,10.5,-0.8
1998,124,11,17.7,5.3,-4.3
1998,124,12,14.8,11.0,-0.1
1998,124,13,10.7,13.3,0.6
1998,124,14,10.1,12.5,2.9
1998,124,15,11.8,9.3,-1.4
1998,124,16,14.7,6.6,-3.2
1998,124,17,16.4,4.9,-2.3
1998,124,18,13.4,7.7,-1.8
1998,124,19,14.4,4.8,-0.4
1998,124,20,13.5,4.4,-2.4
1998,124,21,13.1,4.6,-4.5
1998,124,22,9.3,11.0,-4.9
1998,124,23,5.9,13.8,-1.2
1998,125,0,4.3,13.7,-2.3
1998,125,1,4.6,12.4,-1.8
1998,125,2,5.8,3.8,-6.7
1998,125,3,6.1,-9.6,-10.2
1998,125,4,9.8,-2.5,-9.0
1998,125,5,4.0,-2.3,-5.5
1998,125,6,-2.2,-5.8,1.5
1998,125,7,3.1,-4.5,-3.5
1998,125,8,7.5,1.1,-5.1
1998,125,9,6.6,-4.1,-3.7
1998,125,10,6.2,-4.0,-3.6
1998,125,11,7.1,-3.5,-2.3
1998,125,12,6.9,-3.5,-2.9
1998,125,13,0.7,-0.8,-5.4
1998,125,14,2.4,-2.3,-6.3
1998,125,15,4.8,-3.9,-2.6
1998,125,16,5.7,-3.4,-2.9
1998,125,17,5.1,-3.6,-3.5
1998,125,18,6.3,-2.9,-2.1
1998,125,19,6.3,-2.9,-3.1
1998,125,20,6.7,-3.2,0.5
1998,125,21,7.1,-1.4,4.5
1998,125,22,5.6,-0.9,6.5
1998,125,23,2.0,2.5,9.1
1998,126,0,-1.3,2.1,9.1
1998,126,1,-1.4,1.1,9.9
1998,126,2,2.4,0.9,9.1
1998,126,3,8.2,0.5,1.6
1998,126,4,8.8,-1.3,-1.4
1998,126,5,8.4,-0.4,1.0
1998,126,6,7.9,0.8,0.9
1998,126,7,7.5,-0.7,-1.4
1998,126,8,7.6,-1.1,-2.0
1998,126,9,7.7,-1.3,-1.4
1998,126,10,8.0,-0.9,-2.0
1998,126,11,8.1,-0.7,-3.3
1998,126,12,7.8,0.3,-4.3
1998,126,13,7.4,1.1,-4.0
1998,126,14,7.8,1.2,-2.7
1998,126,15,7.2,0.6,-2.1
1998,126,16,6.5,-2.6,-1.5
1998,126,17,5.6,-3.7,-0.9
1998,126,18,5.7,-3.1,-0.3
1998,126,19,5.7,-3.0,0.0
1998,126,20,6.1,-2.2,0.0
1998,126,21,5.4,-3.3,0.5
1998,126,22,5.0,-4.2,-0.1
1998,126,23,4.9,-4.4,-0.1
1998,127,0,4.9,-3.7,-1.3
1998,127,1,4.5,-2.9,-2.6
1998,127,2,4.3,-3.4,-0.3
1998,127,3,4.6,-2.8,0.1
1998,127,4,4.8,-2.5,0.7
1998,127,5,5.1,-2.7,0.2
1998,127,6,5.1,-3.1,-0.2
1998,127,7,5.1,-3.5,-0.7
1998,127,8,4.6,-3.9,-0.9
1998,127,9,4.8,-2.8,-2.6
1998,127,10,4.3,-3.4,-3.0
1998,127,11,5.3,-1.5,-2.3
1998,127,12,6.9,1.8,-0.2
1998,127,13,2.0,-0.6,4.9
1998,127,14,2.4,-3.1,8.4
1998,127,15,2.1,-3.4,9.4
1998,127,16,2.7,-2.2,10.0
1998,127,17,3.4,1.9,9.9
1998,127,18,1.6,1.2,9.0
1998,127,19,0.5,4.2,8.9
1998,127,20,-0.9,3.4,9.0
1998,127,21,4.6,-4.6,6.5
1998,127,22,3.6,-6.4,1.1
1998,127,23,0.7,2.2,-3.6
1998,128,0,1.8,-2.4,-4.1
1998,128,1,4.4,-1.4,3.1
1998,128,2,6.0,-1.0,1.6
1998,128,3,1.7,-2.0,-2.8
1998,128,4,5.5,-2.9,-1.0
1998,128,5,3.1,-5.9,-1.0
1998,128,6,2.1,-7.5,-0.5
1998,128,7,3.3,-4.3,-2.1
1998,128,8,3.0,-0.7,1.5
1998,128,9,2.3,-4.3,1.9
1998,128,10,2.8,-5.9,0.7
1998,128,11,2.1,-7.4,-0.5
1998,128,12,2.0,0.1,7.0
1998,128,13,3.7,5.2,-1.8
1998,128,14,4.6,0.7,-4.2
1998,128,15,4.2,0.9,-1.4
1998,128,16,-1.6,0.7,2.2
1998,128,17,0.1,1.3,3.2
1998,128,18,3.2,-2.8,-1.6
1998,128,19,3.9,-2.1,-2.0
1998,128,20,4.2,-1.4,-2.2
1998,128,21,4.5,-0.6,-1.4
1998,128,22,4.2,-2.7,0.7
1998,128,23,5.1,-2.0,0.1
1998,129,0,5.0,-1.7,0.4
1998,129,1,5.0,-0.4,0.7
1998,129,2,4.3,0.0,2.2
1998,129,3,4.0,0.5,1.7
1998,129,4,0.3,-2.2,-2.0
1998,129,5,0.0,-2.7,-0.8
1998,129,6,2.8,0.2,2.0
1998,129,7,3.6,-1.0,-0.7
1998,129,8,2.7,-1.1,-2.6
1998,129,9,2.1,-0.4,2.4
1998,129,10,1.5,-0.2,3.6
1998,129,11,0.5,-0.2,3.9
1998,129,12,1.1,-1.8,1.3
1998,129,13,2.3,-1.7,-2.1
1998,129,14,3.5,-2.4,0.2
1998,129,15,1.8,-1.9,-2.8
1998,129,16,0.2,-4.1,-3.7
1998,129,17,-1.0,-5.0,-2.5
1998,129,18,1.0,-3.7,-4.8
1998,129,19,2.7,-2.3,-1.9
1998,129,20,1.5,-1.2,4.0
1998,129,21,3.4,-1.7,2.2
1998,129,22,3.3,-1.8,2.0
1998,129,23,2.1,-0.6,1.9
1998,130,0,2.6,-2.2,3.2
1998,130,1,2.5,-2.7,2.3
1998,130,2,1.6,-3.0,2.8
1998,130,3,1.2,-3.1,2.8
1998,130,4,0.9,-3.7,2.9
1998,130,5,0.9,-4.7,-1.3
1998,130,6,2.5,-2.6,-3.0
1998,130,7,3.6,-1.9,-3.9
1998,130,8,3.2,-4.2,-0.7
1998,130,9,2.2,-4.4,-0.4
1998,130,10,2.1,-4.2,1.0
1998,130,11,2.0,2.7,-2.6
1998,130,12,2.9,2.8,-1.2
1998,130,13,1.9,-3.5,0.4
1998,130,14,1.7,-1.6,1.4
1998,130,15,-1.0,-4.0,0.7
1998,130,16,0.7,-2.6,0.2
1998,130,17,3.7,0.8,-1.3
1998,130,18,1.8,-1.7,-0.5
1998,130,19,4.3,-0.6,-1.3
1998,130,20,4.7,0.4,-0.4
1998,130,21,4.6,0.6,-0.9
1998,130,22,4.2,0.2,-0.3
1998,130,23,3.0,-1.4,-0.4
1998,131,0,4.6,-0.1,-0.5
1998,131,1,4.0,-2.0,-1.8
1998,131,2,3.3,-3.1,-1.0
1998,131,3,2.7,-2.4,0.6
1998,131,4,3.9,0.1,-0.8
1998,131,5,3.1,-2.2,-0.2
1998,131,6,4.2,-1.4,-1.7
1998,131,7,3.2,-2.7,-0.2
1998,131,8,3.1,-3.1,-2.4
1998,131,9,4.5,1.9,-2.9
1998,131,10,3.3,-2.0,-2.9
1998,131,11,1.6,3.3,-0.6
1998,131,12,3.3,3.0,-0.6
1998,131,13,-0.4,2.2,1.9
1998,131,14,1.1,3.0,2.4
1998,131,15,3.1,-3.8,-1.2
1998,131,16,1.4,-3.0,-1.7
1998,131,17,1.0,-1.5,-1.7
1998,131,18,0.3,-3.8,2.2
1998,131,19,-1.1,-4.2,0.2
1998,131,20,1.1,-2.6,-4.2
1998,131,21,2.3,-1.4,-3.3
1998,131,22,3.6,0.6,-4.2
1998,131,23,2.2,-1.4,-3.2
1998,132,0,0.3,-1.7,-3.9
1998,132,1,1.6,-1.4,2.2
1998,132,2,1.0,-4.3,0.0
1998,132,3,0.5,-2.4,-2.5
1998,132,4,0.6,-2.5,-3.8
1998,132,5,2.4,-1.2,-3.8
1998,132,6,2.4,-2.8,0.5
1998,132,7,2.0,-2.7,-1.5
1998,132,8,0.3,-2.8,-2.4
1998,132,9,2.9,1.1,0.5
1998,132,10,3.0,-1.3,1.9
1998,132,11,1.0,-3.5,-1.9
1998,132,12,0.6,-3.4,-2.1
1998,132,13,3.0,-1.1,-1.0
1998,132,14,4.3,-1.2,-0.1
1998,132,15,3.0,-1.6,-1.8
1998,132,16,2.8,-3.3,-1.1
1998,132,17,2.9,-1.5,-0.9
1998,132,18,0.5,-2.2,-0.7
1998,132,19,3.6,-1.5,0.4
1998,132,20,-0.1,-4.2,-0.7
1998,132,21,5.1,-1.3,1.5
1998,132,22,4.1,-1.8,0.4
1998,132,23,2.5,-2.5,0.3
1998,133,0,2.5,-1.6,-0.1
1998,133,1,3.8,0.2,0.9
1998,133,2,3.8,0.3,-0.4
1998,133,3,4.6,0.1,-0.1
1998,133,4,4.5,-0.9,0.5
1998,133,5,4.3,-0.8,0.5
1998,133,6,3.7,-2.0,-0.2
1998,133,7,4.1,-1.7,-0.6
1998,133,8,4.5,-0.5,0.3
1998,133,9,4.3,-0.8,1.1
1998,133,10,4.2,-0.4,1.3
1998,133,11,4.1,-1.9,1.2
1998,133,12,4.0,-1.4,1.3
1998,133,13,3.9,-1.3,0.7
1998,133,14,4.2,-2.2,0.4
1998,133,15,3.7,-3.4,0.5
1998,133,16,3.4,-3.4,0.5
1998,133,17,3.2,-2.8,0.0
1998,133,18,0.2,-3.4,-0.1
1998,133,19,-3.2,-2.2,0.5
1998,133,20,-3.3,-1.4,-0.5
1998,133,21,2.1,-2.9,0.6
1998,133,22,-0.3,-1.9,-1.2
1998,133,23,2.4,-2.8,0.8
1998,134,0,2.1,-2.5,0.1
1998,134,1,1.5,-2.3,0.0
1998,134,2,1.8,-1.3,0.4
1998,134,3,0.5,0.1,-2.4
1998,134,4,0.8,-0.4,-1.3
1998,134,5,0.7,-1.4,-1.4
1998,134,6,2.2,-1.7,-0.1
1998,134,7,3.0,-0.5,0.1
1998,134,8,2.8,-0.6,0.5
1998,134,9,3.2,-1.0,1.0
1998,134,10,1.7,-1.9,-1.3
1998,134,11,2.3,-2.3,-1.3
1998,134,12,2.7,-2.5,-0.9
1998,134,13,2.8,-2.8,-1.0
1998,134,14,3.6,-1.7,1.9
1998,134,15,2.7,-1.3,3.2
1998,134,16,1.4,-3.6,1.4
1998,134,17,1.4,-3.0,2.0
1998,134,18,1.6,-2.9,1.0
1998,134,19,1.7,-2.9,0.6
1998,134,20,2.2,-2.7,0.3
1998,134,21,2.4,-2.7,0.3
1998,134,22,1.0,-3.2,1.1
1998,134,23,3.6,-0.8,1.1
1998,135,0,2.1,-2.8,0.9
1998,135,1,2.2,-2.6,0.7
1998,135,2,2.0,-2.0,1.3
1998,135,3,2.2,-2.2,0.4
1998,135,4,2.3,-2.2,0.5
1998,135,5,3.0,-1.4,1.0
1998,135,6,2.9,-1.7,0.6
1998,135,7,2.1,-2.4,0.7
1998,135,8,2.1,-2.2,1.2
1998,135,9,1.5,-2.8,0.2
1998,135,10,0.6,-3.4,0.9
1998,135,11,1.6,-2.4,0.9
1998,135,12,-0.3,-3.5,0.0
1998,135,13,-0.4,-3.1,-0.6
1998,135,14,-0.2,-2.7,-0.7
1998,135,15,2.2,-5.2,0.6
1998,135,16,2.5,-4.4,-1.6
1998,135,17,-3.7,4.1,2.9
1998,135,18,-2.0,6.9,-5.1
1998,135,19,-0.5,8.0,-4.6
1998,135,20,-4.3,6.5,-1.1
1998,135,21,-5.7,4.7,-1.2
1998,135,22,-6.5,7.6,-1.1
1998,135,23,-4.7,8.2,0.3
1998,136,0,-7.3,2.5,7.7
1998,136,1,-6.4,-5.3,11.8
1998,136,2,1.3,-10.6,8.3
1998,136,3,-0.6,-9.4,7.5
1998,136,4,-2.6,-6.3,10.9
1998,136,5,-7.1,2.3,11.3
1998,136,6,-9.0,6.5,10.7
1998,136,7,-10.1,6.1,10.6
1998,136,8,-11.1,9.1,7.5
1998,136,9,-9.9,9.3,5.4
1998,136,10,-10.5,9.6,2.6
1998,136,11,-10.8,8.6,5.2
1998,136,12,-10.2,5.0,6.7
1998,136,13,-8.5,4.6,5.6
1998,136,14,-8.8,4.7,7.0
1998,136,15,-8.0,5.8,2.9
1998,136,16,-7.6,7.5,1.2
1998,136,17,-7.0,7.4,-4.5
1998,136,18,-6.6,4.0,5.6
1998,136,19,-5.0,4.7,-1.5
1998,136,20,-4.4,5.0,-3.0
1998,136,21,-6.7,3.9,0.1
1998,136,22,-5.6,4.6,1.9
1998,136,23,-6.8,2.8,1.5
1998,137,0,-3.8,1.7,-5.0
1998,137,1,-7.3,1.5,-0.9
1998,137,2,-5.8,4.3,0.1
1998,137,3,-6.1,3.2,1.4
1998,137,4,-6.4,3.5,-0.2
1998,137,5,-5.4,3.5,2.9
1998,137,6,-4.4,5.3,0.1
1998,137,7,-5.0,3.5,2.2
1998,137,8,-5.0,3.3,1.9
1998,137,9,-4.4,4.6,1.1
1998,137,10,-1.4,4.2,0.8
1998,137,11,-2.0,3.2,-0.6
1998,137,12,3.5,1.7,0.1
1998,137,13,-3.4,-0.4,-1.0
1998,137,14,1.6,2.0,0.0
1998,137,15,-0.5,1.9,-0.5
1998,137,16,0.1,1.5,0.3
1998,137,17,0.2,2.0,-2.9
1998,137,18,0.8,3.4,-0.2
1998,137,19,3.4,1.1,-1.1
1998,137,20,2.5,1.8,-2.4
1998,137,21,1.7,3.0,-0.9
1998,137,22,2.5,0.1,-3.8
1998,137,23,2.6,0.3,-3.6
1998,138,0,3.0,4.0,-0.2
1998,138,1,3.3,3.3,0.1
1998,138,2,-0.7,2.3,0.4
1998,138,3,-1.8,3.4,-0.7
1998,138,4,-0.6,3.3,0.2
1998,138,5,0.8,2.1,-1.1
1998,138,6,-2.2,2.8,-0.9
1998,138,7,-1.2,4.7,0.0
1998,138,8,-2.0,4.2,0.8
1998,138,9,-2.3,1.8,-1.7
1998,138,10,-2.6,4.9,0.4
1998,138,11,-2.9,5.2,1.6
1998,138,12,-0.8,-0.1,-4.4
1998,138,13,0.3,-3.2,-3.9
1998,138,14,1.7,-4.1,-4.0
1998,138,15,1.4,-3.6,-4.3
1998,138,16,1.0,-0.9,-4.8
1998,138,17,1.5,1.5,-5.5
1998,138,18,1.0,-3.5,-5.1
1998,138,19,0.8,-0.2,-3.6
1998,138,20,1.9,1.3,-3.3
1998,138,21,1.4,0.8,-5.7
1998,138,22,2.1,1.5,-5.1
1998,138,23,-3.5,-1.3,0.9
1998,139,0,-2.2,2.7,1.9
1998,139,1,-3.3,-0.1,-2.2
1998,139,2,-1.1,2.1,-2.7
1998,139,3,1.5,5.2,-2.3
1998,139,4,-1.4,3.3,-2.9
1998,139,5,-1.2,4.8,2.2
1998,139,6,0.4,5.7,1.2
1998,139,7,-0.8,5.7,0.3
1998,139,8,-1.5,3.9,-1.0
1998,139,9,-1.5,1.1,-4.8
1998,139,10,-3.5,5.0,-0.6
1998,139,11,-2.9,5.1,2.4
1998,139,12,-0.3,6.0,1.4
1998,139,13,-4.8,3.7,0.7
1998,139,14,-2.7,2.4,-2.1
1998,139,15,-1.7,3.9,-3.5
1998,139,16,-3.1,5.6,-0.4
1998,139,17,-3.8,4.8,0.6
1998,139,18,-0.2,5.1,2.1
1998,139,19,-0.6,5.1,1.4
1998,139,20,-1.7,4.9,1.6
1998,139,21,-2.3,4.5,2.2
1998,139,22,-3.5,3.4,1.4
1998,139,23,-4.0,3.4,-1.1
1998,140,0,-3.3,2.6,1.3
1998,140,1,0.0,4.4,2.8
1998,140,2,-1.0,4.7,1.3
1998,140,3,0.1,3.4,2.7
1998,140,4,-0.4,2.7,3.2
1998,140,5,-2.1,2.9,2.3
1998,140,6,-1.0,4.2,2.9
1998,140,7,-2.1,3.5,-0.3
1998,140,8,-2.8,5.4,-1.0
1998,140,9,0.7,1.1,6.2
1998,140,10,0.7,-1.7,7.3
1998,140,11,0.8,0.1,5.4
1998,140,12,1.0,-5.2,-3.5
1998,140,13,4.4,-5.4,0.9
1998,140,14,6.0,-3.7,3.6
1998,140,15,4.9,-6.4,-1.2
1998,140,16,4.6,-6.1,-4.1
1998,140,17,2.9,-3.5,-6.4
1998,140,18,4.0,-4.5,0.1
1998,140,19,3.2,-6.1,-1.5
1998,140,20,4.0,-3.4,2.9
1998,140,21,4.6,-1.1,4.8
1998,140,22,4.3,-4.0,1.8
1998,140,23,5.1,-3.9,1.2
1998,141,0,4.8,-4.8,0.2
1998,141,1,2.2,-5.7,-2.7
1998,141,2,4.0,-4.6,-1.6
1998,141,3,4.0,-5.0,-2.6
1998,141,4,4.5,-4.4,-2.8
1998,141,5,2.7,-4.4,-4.2
1998,141,6,3.4,-1.4,1.0
1998,141,7,4.6,3.9,2.2
1998,141,8,2.4,-1.9,-2.0
1998,141,9,2.5,0.4,0.7
1998,141,10,3.6,-0.7,-1.6
1998,141,11,5.2,1.6,1.1
1998,141,12,4.4,-2.2,-1.2
1998,141,13,1.2,-4.0,-2.1
1998,141,14,-0.1,-4.2,-2.7
1998,141,15,-1.7,-4.7,-2.7
1998,141,16,1.5,-2.8,-3.8
1998,141,17,-0.8,-2.5,-3.3
1998,141,18,-1.2,-3.8,-1.8
1998,141,19,0.4,-3.4,-0.5
1998,141,20,1.2,-2.8,-2.3
1998,141,21,2.8,-1.5,-1.6
1998,141,22,0.5,-3.6,-2.5
1998,141,23,1.6,-2.2,-4.7
1998,142,0,0.4,-2.0,-4.0
1998,142,1,1.3,-2.2,-2.1
1998,142,2,3.7,-2.3,-1.1
1998,142,3,2.9,-3.0,-1.2
1998,142,4,1.3,-3.2,-1.3
1998,142,5,-0.2,-3.7,-1.3
1998,142,6,1.6,-4.4,0.6
1998,142,7,-1.9,-2.0,3.2
1998,142,8,1.9,-2.0,3.1
1998,142,9,0.4,-5.3,-2.1
1998,142,10,3.9,-3.4,0.6
1998,142,11,3.6,-2.4,3.6
1998,142,12,-0.2,-5.6,1.2
1998,142,13,2.5,-6.7,0.1
1998,142,14,1.4,-5.8,-1.4
1998,142,15,2.3,-0.2,5.0
1998,142,16,4.6,2.4,5.8
1998,142,17,3.8,1.4,6.9
1998,142,18,3.7,-2.2,7.0
1998,142,19,3.5,1.9,6.3
1998,142,20,4.5,-1.6,4.7
1998,142,21,6.0,-2.7,3.7
1998,142,22,4.9,-4.9,0.1
1998,142,23,4.8,-5.5,-0.1
1998,143,0,5.3,-5.8,0.0
1998,143,1,6.4,-4.6,-2.9
1998,143,2,2.6,-0.3,-4.5
1998,143,3,4.1,-1.3,-0.8
1998,143,4,4.8,-2.4,-3.1
1998,143,5,5.3,-1.9,-1.9
1998,143,6,4.2,-3.9,-2.4
1998,143,7,3.7,-2.4,-2.0
1998,143,8,3.0,-2.3,-4.5
1998,143,9,2.3,-3.8,-3.0
1998,143,10,2.1,-4.9,-3.5
1998,143,11,0.4,-5.4,-4.1
1998,143,12,-0.4,-6.5,-2.5
1998,143,13,0.3,-5.9,-3.4
1998,143,14,1.8,-1.9,-2.0
1998,143,15,6.5,2.8,3.0
1998,143,16,7.9,0.4,-0.7
1998,143,17,6.8,-3.5,0.3
1998,143,18,-1.2,-2.0,-3.5
1998,143,19,-0.8,-4.3,-6.2
1998,143,20,-2.1,-8.0,-3.9
1998,143,21,-1.0,-7.1,-3.5
1998,143,22,0.1,-8.3,-2.7
1998,143,23,3.5,-6.2,2.8
1998,144,0,0.1,-6.0,-0.4
1998,144,1,4.4,-4.0,5.5
1998,144,2,2.9,-6.0,3.4
1998,144,3,0.6,-8.2,-1.4
1998,144,4,2.3,-4.4,2.8
1998,144,5,-2.4,-5.3,-5.2
1998,144,6,1.6,-7.5,-2.6
1998,144,7,4.3,-5.8,0.5
1998,144,8,5.8,-2.0,1.5
1998,144,9,7.1,-1.1,1.5
1998,144,10,6.8,-2.3,-0.2
1998,144,11,5.7,-3.4,-2.6
1998,144,12,4.5,-5.4,-2.4
1998,144,13,6.7,-3.9,2.3
1998,144,14,6.1,-2.6,-0.4
1998,144,15,6.1,-3.0,-1.7
1998,144,16,5.2,-1.0,-3.1
1998,144,17,6.2,0.3,-3.4
1998,144,18,6.7,0.8,-2.2
1998,144,19,5.1,0.9,-1.5
1998,144,20,3.8,0.6,0.6
1998,144,21,6.9,1.5,1.5
1998,144,22,6.3,2.1,2.5
1998,144,23,6.3,2.1,2.5
1998,145,0,7.3,0.7,3.5
1998,145,1,3.8,-3.6,2.4
1998,145,2,5.0,-0.5,2.7
1998,145,3,7.7,-0.1,2.8
1998,145,4,7.1,-0.5,4.7
1998,145,5,0.2,-7.0,-3.4
1998,145,6,-1.4,-4.3,-2.2
1998,145,7,-3.4,-3.1,-5.1
1998,145,8,-4.1,0.0,-5.6
1998,145,9,-2.5,-5.3,-4.3
1998,145,10,0.2,-4.8,-0.9
1998,145,11,4.4,-0.6,-0.3
1998,145,12,4.6,-4.0,3.0
1998,145,13,4.5,-2.2,3.2
1998,145,14,4.4,-4.2,-0.6
1998,145,15,1.3,-5.2,-4.8
1998,145,16,0.4,-4.9,-5.8
1998,145,17,4.1,-3.5,-1.5
1998,145,18,1.2,-5.0,-4.2
1998,145,19,3.6,-5.0,0.7
1998,145,20,2.6,-5.5,-0.1
1998,145,21,3.1,-5.5,-0.3
1998,145,22,3.2,-5.0,-1.4
1998,145,23,5.4,-2.7,0.8
1998,146,0,4.5,-3.5,-0.5
1998,146,1,4.5,-3.9,-0.5
1998,146,2,4.3,-4.1,-0.5
1998,146,3,3.5,-4.5,-0.6
1998,146,4,4.3,-3.5,-0.4
1998,146,5,3.8,-3.9,-1.0
1998,146,6,3.4,-4.2,-0.9
1998,146,7,3.7,-3.8,-1.1
1998,146,8,4.8,-0.5,-0.2
1998,146,9,5.0,-2.1,1.0
1998,146,10,4.7,-3.6,1.5
1998,146,11,5.4,-1.9,2.3
1998,146,12,3.8,-1.2,1.5
1998,146,13,3.9,-1.3,-1.2
1998,146,14,1.3,-4.5,-0.8
1998,146,15,1.3,-5.1,0.3
1998,146,16,-0.2,-5.7,-3.0
1998,146,17,1.3,-6.3,-2.7
1998,146,18,1.9,-6.2,-3.4
1998,146,19,2.5,-4.7,-3.4
1998,146,20,0.6,-4.7,-1.9
1998,146,21,-0.5,-3.7,-3.2
1998,146,22,-0.5,-4.9,-3.1
1998,146,23,-1.7,-5.7,-2.3
1998,147,0,-1.5,-5.3,-0.7
1998,147,1,-2.2,-5.9,-1.0
1998,147,2,2.0,-6.3,-1.2
1998,147,3,0.4,-1.8,3.5
1998,147,4,0.0,2.7,6.0
1998,147,5,-0.7,4.1,3.3
1998,147,6,-0.6,4.4,3.5
1998,147,7,0.0,4.6,3.6
1998,147,8,0.0,1.9,6.2
1998,147,9,0.1,0.8,-4.4
1998,147,10,-0.1,-2.0,-1.1
1998,147,11,-0.6,-2.6,-3.1
1998,147,12,1.3,-0.3,-3.4
1998,147,13,3.0,0.9,-2.4
1998,147,14,3.1,1.2,-0.9
1998,147,15,2.1,-1.4,0.3
1998,147,16,1.4,-2.4,0.4
1998,147,17,2.0,-2.0,0.2
1998,147,18,0.5,-2.6,-0.5
1998,147,19,-1.0,-0.7,-2.0
1998,147,20,-0.8,0.8,-2.2
1998,147,21,0.1,-2.1,-2.3
1998,147,22,0.7,-4.5,-0.5
1998,147,23,0.6,-4.8,0.4
1998,148,0,1.1,-4.1,0.0
1998,148,1,0.5,-4.1,-1.0
1998,148,2,-0.5,-4.3,-0.3
1998,148,3,-2.1,-1.5,3.1
1998,148,4,0.7,0.0,-2.2
1998,148,5,-1.2,-0.6,0.7
1998,148,6,-1.4,0.2,1.6
1998,148,7,-1.9,0.8,1.1
1998,148,8,-2.2,2.8,2.8
1998,148,9,-2.2,3.6,3.5
1998,148,10,-2.1,4.0,2.5
1998,148,11,-0.1,4.2,0.9
1998,148,12,-1.4,2.2,1.4
1998,148,13,1.4,2.8,1.2
1998,148,14,-3.6,2.0,0.1
1998,148,15,-1.9,1.8,-0.5
1998,148,16,1.9,-3.7,1.0
1998,148,17,2.2,-5.2,1.3
1998,148,18,3.3,-5.1,2.7
1998,148,19,5.2,-3.8,2.2
1998,148,20,2.2,-1.5,0.1
1998,148,21,-2.6,2.7,5.1
1998,148,22,-5.4,4.6,4.8
1998,148,23,-9.9,3.0,-3.2
1998,149,0,-4.8,5.5,7.8
1998,149,1,-5.8,6.7,-3.8
1998,149,2,-4.7,6.8,0.0
1998,149,3,-6.3,6.6,-0.5
1998,149,4,-5.6,7.7,-0.2
1998,149,5,-6.0,8.6,5.8
1998,149,6,-5.6,8.3,6.3
1998,149,7,-7.9,8.4,2.7
1998,149,8,-6.9,6.2,5.4
1998,149,9,-8.8,6.0,1.8
1998,149,10,-9.7,7.7,-0.4
1998,149,11,-7.3,9.9,3.1
1998,149,12,-5.3,8.8,3.1
1998,149,13,-7.7,7.7,-0.1
1998,149,14,-3.5,9.1,-4.9
1998,149,15,-4.6,6.2,-4.4
1998,149,16,-4.4,9.3,0.0
1998,149,17,-0.9,10.1,7.4
1998,149,18,0.9,-0.8,7.0
1998,149,19,-3.8,-8.9,8.5
1998,149,20,-4.3,-5.3,9.9
1998,149,21,-9.0,0.2,9.6
1998,149,22,-4.5,2.4,10.8
1998,149,23,-2.6,-7.6,3.6
1998,150,0,5.6,-8.0,-2.7
1998,150,1,8.6,0.5,-4.3
1998,150,2,7.2,1.6,-4.7
1998,150,3,5.9,0.7,-2.6
1998,150,4,-2.9,2.8,-1.9
1998,150,5,-4.1,3.5,-1.8
1998,150,6,-2.2,-1.3,-0.1
1998,150,7,0.7,-1.5,0.5
1998,150,8,1.1,-5.1,1.6
1998,150,9,1.6,-4.5,5.0
1998,150,10,4.6,-4.4,0.0
1998,150,11,5.3,-4.6,0.5
1998,150,12,5.2,-5.0,1.2
1998,150,13,2.9,-0.8,2.3
1998,150,14,-5.1,5.0,-1.6
1998,150,15,-2.0,7.8,2.7
1998,150,16,-4.0,7.0,-1.3
1998,150,17,-2.7,6.5,-0.6
1998,150,18,-2.4,6.5,-0.2
1998,150,19,-1.8,5.7,-0.5
1998,150,20,-2.1,4.7,-1.0
1998,150,21,-0.3,4.6,-0.3
1998,150,22,-2.9,2.0,-0.8
1998,150,23,-4.4,-1.7,0.7
1998,151,0,-4.7,-1.8,-0.1
1998,151,1,-4.6,0.9,0.1
1998,151,2,-4.2,2.0,-0.3
1998,151,3,-1.8,3.4,0.3
1998,151,4,-4.7,0.3,0.3
1998,151,5,-4.5,0.2,-0.7
1998,151,6,-4.5,0.6,0.8
1998,151,7,-4.4,1.2,-0.1
1998,151,8,-4.0,1.5,0.2
1998,151,9,-3.8,3.1,0.6
1998,151,10,-5.1,0.6,0.0
1998,151,11,-3.8,2.8,0.0
1998,151,12,-3.8,3.6,-0.1
1998,151,13,-4.5,3.2,-0.1
1998,151,14,-2.8,3.9,0.4
1998,151,15,-3.3,2.9,0.7
1998,151,16,-4.4,2.1,0.6
1998,151,17,-4.9,-0.4,0.8
1998,151,18,-4.7,-0.4,-0.8
1998,151,19,-1.5,3.8,1.4
1998,151,20,-3.9,2.3,-1.0
1998,151,21,-4.3,0.9,1.2
1998,151,22,-4.0,0.7,2.0
1998,151,23,-4.2,-0.5,0.3