2017,60,0,-2.4,0.3,-0.1
2017,60,1,-3.2,0.5,-2.2
2017,60,2,-2.4,-0.1,1.1
2017,60,3,-2.9,1.8,-1.2
2017,60,4,0.9,-0.6,-4.8
2017,60,5,1.3,0.4,-1.9
2017,60,6,1.4,0.4,-0.4
2017,60,7,3.9,2.6,3.4
2017,60,8,2.9,2.3,2.7
2017,60,9,-3.4,-4.5,-5.0
2017,60,10,-3.2,-1.5,-2.4
2017,60,11,0.9,2.5,0.9
2017,60,12,2.5,-0.1,2.4
2017,60,13,5.5,5.4,5.0
2017,60,14,0.5,0.1,-1.6
2017,60,15,-1.1,-0.8,0.3
2017,60,16,5.6,4.7,4.6
2017,60,17,4.2,4.6,4.9
2017,60,18,-1.1,-0.4,-0.1
2017,60,19,-2.0,-2.8,-3.5
2017,60,20,-3.7,-3.3,-4.5
2017,60,21,-3.8,-3.3,-3.9
2017,60,22,-1.2,0.5,0.7
2017,60,23,-2.0,-2.1,-2.1
2017,61,0,-0.8,-1.6,-0.9
2017,61,1,-0.8,-0.5,-0.2
2017,61,2,0.6,0.7,0.7
2017,61,3,-0.9,-0.2,-0.9
2017,61,4,-1.8,-1.6,-1.8
2017,61,5,-2.6,-1.4,-1.4
2017,61,6,-0.3,1.4,0.2
2017,61,7,-1.1,0.2,-0.4
2017,61,8,2.5,2.3,2.6
2017,61,9,-0.5,-0.9,-1.5
2017,61,10,-2.4,-2.4,-2.5
2017,61,11,-0.5,-1.2,-1.0
2017,61,12,-1.2,-1.3,-1.8
2017,61,13,-1.8,-1.6,-2.1
2017,61,14,0.4,1.4,1.2
2017,61,15,0.6,0.8,0.3
2017,61,16,0.7,0.2,0.6
2017,61,17,0.4,0.9,1.0
2017,61,18,-0.1,-1.4,-0.9
2017,61,19,-1.1,-1.8,-1.9
2017,61,20,0.8,1.4,2.0
2017,61,21,1.4,1.5,0.8
2017,61,22,2.0,0.9,1.4
2017,61,23,2.8,2.2,2.0
2017,62,0,-1.4,-1.2,-1.6
2017,62,1,0.3,1.2,0.4
2017,62,2,1.1,0.2,2.1
2017,62,3,0.2,1.0,0.5
2017,62,4,1.9,-1.3,1.0
2017,62,5,-3.1,-1.5,-2.5
2017,62,6,-1.5,-2.1,-2.0
2017,62,7,-2.0,-2.5,-2.4
2017,62,8,-2.9,-1.6,-2.3
2017,62,9,-3.9,-3.6,-4.0
2017,62,10,1.2,1.0,1.3
2017,62,11,2.5,0.8,1.1
2017,62,12,-0.6,-0.3,-0.7
2017,62,13,2.9,1.8,1.8
2017,62,14,1.9,-0.2,-0.4
2017,62,15,0.4,-1.6,-1.2
2017,62,16,-1.4,-0.8,-0.5
2017,62,17,3.6,2.5,1.1
2017,62,18,2.6,2.2,2.7
2017,62,19,3.1,3.4,4.1
2017,62,20,3.2,2.9,2.9
2017,62,21,4.0,3.3,3.4
2017,62,22,2.7,2.7,2.3
2017,62,23,1.0,-0.1,-0.5
2017,63,0,0.0,-1.5,-1.6
2017,63,1,-1.5,-1.3,-1.5
2017,63,2,0.1,-0.3,-0.6
2017,63,3,-0.1,-2.6,-1.0
2017,63,4,-3.3,-3.7,-3.5
2017,63,5,0.5,0.5,0.6
2017,63,6,2.5,2.1,2.1
2017,63,7,0.6,-0.9,-1.0
2017,63,8,0.6,-0.1,-0.0
2017,63,9,-0.8,-1.7,-0.9
2017,63,10,0.2,0.7,-0.1
2017,63,11,0.2,0.0,0.5
2017,63,12,0.0,-1.2,-1.1
2017,63,13,0.4,1.7,0.8
2017,63,14,-0.7,0.5,-0.0
2017,63,15,1.3,1.6,1.5
2017,63,16,1.6,1.7,1.2
2017,63,17,-0.5,0.8,-0.3
2017,63,18,999.9,-0.6,-1.0
2017,63,19,2.3,1.7,2.4
2017,63,20,0.4,0.6,0.6
2017,63,21,-1.4,-0.0,0.6
2017,63,22,-0.2,-0.3,0.2
2017,63,23,-0.8,-1.5,0.3
2017,64,0,0.0,-1.5,-0.4
2017,64,1,2.4,0.7,1.3
2017,64,2,1.5,1.6,2.3
2017,64,3,1.6,2.1,2.1
2017,64,4,1.9,2.1,1.9
2017,64,5,-0.9,-0.6,-0.8
2017,64,6,-0.0,0.8,0.9
2017,64,7,2.1,1.8,2.2
2017,64,8,1.7,0.6,-0.1
2017,64,9,-0.2,-0.8,-1.5
2017,64,10,2.1,-2.9,-3.1
2017,64,11,0.7,-1.7,-1.4
2017,64,12,0.4,-1.4,-1.6
2017,64,13,1.0,0.9,0.6
2017,64,14,2.9,1.1,1.9
2017,64,15,0.0,-1.0,0.2
2017,64,16,-1.1,-0.7,-1.7
2017,64,17,-3.2,-1.4,-1.4
2017,64,18,-1.1,0.0,-0.6
2017,64,19,-0.9,-0.7,-1.2
2017,64,20,-2.4,-1.6,-2.4
2017,64,21,-1.4,-2.3,-1.0
2017,64,22,-0.3,0.3,-0.0
2017,64,23,-0.6,-1.1,-1.3
2017,65,0,-1.6,-1.0,-1.2
2017,65,1,1.2,-0.3,1.6
2017,65,2,-1.1,0.6,-1.1
2017,65,3,1.9,2.1,2.2
2017,65,4,3.4,4.0,3.4
2017,65,5,4.0,999.9,4.3
2017,65,6,4.1,4.3,4.1
2017,65,7,3.2,2.9,3.0
2017,65,8,0.4,1.9,0.9
2017,65,9,-0.1,-2.4,-3.3
2017,65,10,-0.8,-0.8,-0.7
2017,65,11,-0.5,-1.3,-1.2
2017,65,12,-0.8,1.2,0.2
2017,65,13,-0.9,-2.5,-2.5
2017,65,14,-1.3,-2.0,-1.7
2017,65,15,-1.0,1.1,0.3
2017,65,16,0.9,0.1,0.1
2017,65,17,2.6,2.4,-1.8
2017,65,18,-0.8,-0.9,-0.3
2017,65,19,-2.1,-2.4,-0.7
2017,65,20,0.4,-0.4,-1.3
2017,65,21,-1.7,-1.1,-1.5
2017,65,22,0.3,1.7,1.7
2017,65,23,3.1,0.6,0.0
2017,66,0,1.4,2.2,1.0
2017,66,1,1.6,1.2,1.1
2017,66,2,0.4,0.3,0.3
2017,66,3,0.3,0.4,0.2
2017,66,4,0.4,0.5,0.7
2017,66,5,0.4,0.1,0.0
2017,66,6,1.5,2.7,2.6
2017,66,7,-0.2,-0.6,-1.2
2017,66,8,-0.8,-0.7,-0.4
2017,66,9,3.1,2.5,2.7
2017,66,10,2.3,1.4,1.5
2017,66,11,1.5,1.0,1.6
2017,66,12,0.3,1.4,0.3
2017,66,13,-0.5,-0.2,-0.6
2017,66,14,-0.1,-0.0,0.3
2017,66,15,0.4,0.9,-0.2
2017,66,16,-1.1,-0.4,-1.0
2017,66,17,-0.3,0.1,-0.3
2017,66,18,-0.3,-0.6,-0.7
2017,66,19,-0.7,-0.3,0.0
2017,66,20,0.8,0.7,1.0
2017,66,21,0.5,0.5,0.6
2017,66,22,1.8,1.5,1.3
2017,66,23,1.5,1.2,1.2
2017,67,0,-1.5,-1.4,0.7
2017,67,1,0.6,0.3,-0.3
2017,67,2,1.9,2.0,1.8
2017,67,3,3.1,3.4,3.8
2017,67,4,3.3,3.9,3.6
2017,67,5,2.5,2.6,2.8
2017,67,6,2.1,1.8,2.0
2017,67,7,2.1,2.2,2.2
2017,67,8,-0.0,0.2,-0.4
2017,67,9,1.9,1.7,1.5
2017,67,10,2.3,1.8,1.4
2017,67,11,-0.7,-1.6,-1.7
2017,67,12,-0.4,0.6,1.3
2017,67,13,1.5,1.2,0.7
2017,67,14,1.6,1.3,2.0
2017,67,15,1.8,1.2,1.5
2017,67,16,3.4,2.7,2.6
2017,67,17,0.8,-1.0,-1.5
2017,67,18,-1.2,-0.6,-0.9
2017,67,19,-0.7,-1.9,-1.7
2017,67,20,-0.5,-1.0,-0.8
2017,67,21,-1.4,-1.3,-1.7
2017,67,22,-1.2,-0.2,0.3
2017,67,23,-1.3,-1.0,-1.9
2017,68,0,-1.1,-1.4,-0.4
2017,68,1,1.2,1.7,1.4
2017,68,2,0.6,0.5,0.2
2017,68,3,-0.0,-0.2,-0.2
2017,68,4,-0.0,0.7,0.4
2017,68,5,0.5,0.8,0.4
2017,68,6,0.4,-0.2,-0.3
2017,68,7,-0.2,-0.7,-1.4
2017,68,8,-2.2,-2.4,-2.7
2017,68,9,-3.1,-3.0,-3.3
2017,68,10,-1.3,-1.5,-1.8
2017,68,11,-1.9,-1.6,-2.3
2017,68,12,-1.8,-2.2,-2.6
2017,68,13,-1.5,-1.5,-1.7
2017,68,14,-1.3,-1.5,-1.6
2017,68,15,-0.7,-0.8,-0.9
2017,68,16,-1.1,-1.3,-0.8
2017,68,17,0.5,0.5,0.6
2017,68,18,1.0,1.5,0.8
2017,68,19,-0.4,0.0,-0.6
2017,68,20,-0.3,0.1,0.2
2017,68,21,1.6,-1.7,-1.8
2017,68,22,2.9,0.9,0.7
2017,68,23,1.4,0.5,0.2
2017,69,0,-1.3,0.6,0.9
2017,69,1,-2.9,-0.4,0.2
2017,69,2,-1.8,-2.4,-2.4
2017,69,3,-0.7,-2.6,-2.5
2017,69,4,0.8,-1.4,-2.6
2017,69,5,0.6,-0.7,-2.3
2017,69,6,-2.2,-3.4,-3.3
2017,69,7,-4.4,-4.2,-4.5
2017,69,8,-3.4,-3.3,-3.6
2017,69,9,-2.4,-2.3,-2.4
2017,69,10,-3.2,-3.1,-2.8
2017,69,11,-2.5,-3.1,-3.0
2017,69,12,-0.8,-0.8,-1.1
2017,69,13,0.7,0.8,0.6
2017,69,14,0.3,0.5,0.7
2017,69,15,-0.2,0.0,-0.5
2017,69,16,1.2,0.9,0.5
2017,69,17,1.4,1.5,0.7
2017,69,18,1.3,0.7,-0.1
2017,69,19,1.5,1.8,1.3
2017,69,20,0.5,1.2,1.5
2017,69,21,0.6,0.5,0.3
2017,69,22,-0.2,0.2,0.3
2017,69,23,-0.6,-0.5,-0.3
2017,70,0,-0.2,-0.2,-0.3
2017,70,1,0.1,0.2,0.0
2017,70,2,0.5,0.7,0.0
2017,70,3,0.7,0.2,0.2
2017,70,4,0.9,1.6,1.1
2017,70,5,1.1,1.0,0.7
2017,70,6,-0.8,-0.6,-1.2
2017,70,7,0.1,-0.4,0.2
2017,70,8,0.6,0.2,0.4
2017,70,9,1.1,0.9,1.0
2017,70,10,0.7,0.8,0.6
2017,70,11,1.0,0.8,0.4
2017,70,12,1.5,1.3,1.0
2017,70,13,2.3,1.0,0.8
2017,70,14,0.8,0.1,-0.2
2017,70,15,-1.2,-1.2,-1.3
2017,70,16,-1.8,-1.8,-2.0
2017,70,17,-1.6,-1.5,-1.8
2017,70,18,-1.3,-1.5,-2.4
2017,70,19,-1.2,-1.4,-1.3
2017,70,20,-0.3,-1.0,0.6
2017,70,21,2.2,0.8,0.8
2017,70,22,-2.9,-3.3,-5.1
2017,70,23,-3.2,-4.4,-3.8
2017,71,0,-3.2,-1.9,-2.2
2017,71,1,-2.2,-2.7,-2.3
2017,71,2,-1.2,-1.5,-1.2
2017,71,3,-2.3,-2.2,-2.4
2017,71,4,-1.1,-1.2,-1.3
2017,71,5,-1.2,-1.0,-1.4
2017,71,6,-0.1,-0.3,-0.2
2017,71,7,-0.8,-1.0,-0.8
2017,71,8,-0.4,-0.4,-0.2
2017,71,9,0.3,0.1,0.1
2017,71,10,0.4,0.3,0.2
2017,71,11,-0.1,0.1,-0.5
2017,71,12,-1.1,-1.2,-1.5
2017,71,13,-1.7,-1.7,-1.1
2017,71,14,-1.2,-1.2,-1.0
2017,71,15,-0.2,0.1,-0.0
2017,71,16,-1.2,-1.1,-1.7
2017,71,17,-0.5,-0.5,-0.6
2017,71,18,-0.3,-0.6,-0.8
2017,71,19,-1.3,-1.3,-1.4
2017,71,20,-1.6,-1.5,-1.7
2017,71,21,-0.9,-1.3,-1.2
2017,71,22,-0.8,-1.4,-1.6
2017,71,23,-1.6,-1.2,-1.2
2017,72,0,-0.3,-0.5,-0.1
2017,72,1,-0.4,0.1,0.1
2017,72,2,0.2,0.3,0.2
2017,72,3,0.4,0.4,0.6
2017,72,4,0.7,1.2,0.6
2017,72,5,-0.3,-0.4,-0.3
2017,72,6,-0.4,0.1,1.5
2017,72,7,1.0,0.2,0.1
2017,72,8,0.2,1.0,0.9
2017,72,9,0.6,0.1,0.3
2017,72,10,-0.4,0.3,-0.1
2017,72,11,1.3,0.6,0.4
2017,72,12,1.6,1.7,1.4
2017,72,13,0.5,2.2,2.2
2017,72,14,1.6,2.3,1.9
2017,72,15,1.9,0.8,0.7
2017,72,16,1.6,1.8,1.2
2017,72,17,1.4,1.2,1.3
2017,72,18,1.0,1.1,1.0
2017,72,19,1.6,1.3,999.9
2017,72,20,1.6,1.8,1.4
2017,72,21,1.7,1.4,1.3
2017,72,22,1.5,1.4,1.6
2017,72,23,1.3,1.1,0.9
2017,73,0,1.1,1.1,0.9
2017,73,1,-1.7,-1.4,-1.6
2017,73,2,-0.8,-0.6,-0.7
2017,73,3,0.2,-0.4,0.3
2017,73,4,0.9,0.4,0.6
2017,73,5,0.2,0.9,0.6
2017,73,6,-0.1,0.2,0.9
2017,73,7,0.7,0.3,0.2
2017,73,8,0.1,0.9,0.2
2017,73,9,0.0,-0.4,-0.2
2017,73,10,0.4,0.1,0.6
2017,73,11,1.8,1.8,1.5
2017,73,12,1.4,1.5,0.5
2017,73,13,-1.7,-1.8,-1.6
2017,73,14,-2.5,-2.7,-3.6
2017,73,15,0.2,0.1,-0.8
2017,73,16,-0.7,-1.0,-1.0
2017,73,17,-2.2,-2.5,-3.2
2017,73,18,-2.3,-2.4,-2.5
2017,73,19,-1.1,-1.4,-1.5
2017,73,20,-1.8,-1.9,-1.8
2017,73,21,-1.4,-1.4,-1.3
2017,73,22,-0.7,-0.4,-0.4
2017,73,23,-0.4,-0.7,-0.2
2017,74,0,0.1,0.4,0.2
2017,74,1,-1.6,-2.7,-2.5
2017,74,2,-0.7,-1.2,-0.5
2017,74,3,1.2,0.9,0.0
2017,74,4,-3.0,-2.8,-3.1
2017,74,5,-3.9,-4.0,-3.8
2017,74,6,-4.2,-3.9,-4.3
2017,74,7,-3.1,-3.2,-3.4
2017,74,8,-3.6,-3.0,-2.9
2017,74,9,-2.8,-2.0,-1.7
2017,74,10,-0.3,0.4,0.7
2017,74,11,-0.4,-0.0,-0.0
2017,74,12,-0.0,-0.6,-0.8
2017,74,13,-2.3,-1.8,-1.7
2017,74,14,1.8,2.3,2.2
2017,74,15,1.9,1.8,2.6
2017,74,16,3.9,4.3,3.0
2017,74,17,0.2,-0.7,-1.8
2017,74,18,-0.2,0.7,0.1
2017,74,19,-0.9,-0.3,3.4
2017,74,20,3.6,2.9,0.6
2017,74,21,0.5,-0.2,1.3
2017,74,22,-2.8,-3.0,-2.7
2017,74,23,-0.2,-3.1,-3.6
2017,75,0,-2.2,-2.1,-2.1
2017,75,1,-2.9,-3.4,-1.6
2017,75,2,-4.1,-4.3,-3.8
2017,75,3,-0.9,-0.6,0.5
2017,75,4,2.3,3.0,2.9
2017,75,5,4.7,5.2,5.2
2017,75,6,6.2,5.5,4.2
2017,75,7,4.9,5.3,6.0
2017,75,8,5.7,5.8,5.2
2017,75,9,3.8,2.8,2.0
2017,75,10,2.9,3.3,1.9
2017,75,11,2.1,2.2,1.5
2017,75,12,-0.9,-0.2,-1.5
2017,75,13,-1.4,-1.2,-1.7
2017,75,14,-1.1,-0.8,-0.7
2017,75,15,1.3,1.3,1.5
2017,75,16,0.7,0.4,0.6
2017,75,17,0.9,0.5,0.0
2017,75,18,0.9,0.5,-2.7
2017,75,19,-1.8,-1.9,-2.0
2017,75,20,-1.4,-2.0,-2.1
2017,75,21,-1.3,-1.5,-1.2
2017,75,22,-0.4,-0.5,-0.4
2017,75,23,-0.4,-0.5,-0.5
2017,76,0,0.1,-0.0,-0.1
2017,76,1,0.3,0.2,0.6
2017,76,2,-0.7,-1.2,-0.5
2017,76,3,-1.0,-0.7,-0.9
2017,76,4,-0.3,0.5,0.8
2017,76,5,-0.6,-0.2,-0.1
2017,76,6,-1.2,-1.3,-1.4
2017,76,7,-0.1,0.2,-0.2
2017,76,8,0.2,0.7,0.0
2017,76,9,-0.3,0.2,0.6
2017,76,10,0.5,0.4,-0.2
2017,76,11,-0.0,1.0,0.9
2017,76,12,0.3,0.1,-0.3
2017,76,13,-1.1,-1.5,-1.3
2017,76,14,0.3,0.2,-0.1
2017,76,15,0.3,0.4,0.8
2017,76,16,1.1,0.9,1.7
2017,76,17,1.7,1.5,1.3
2017,76,18,1.8,1.2,0.2
2017,76,19,-1.6,-1.7,-2.2
2017,76,20,-2.3,-2.6,-2.5
2017,76,21,-1.4,-1.6,-2.2
2017,76,22,0.8,0.2,-0.6
2017,76,23,0.9,0.6,1.1
2017,77,0,-0.5,-0.4,-0.6
2017,77,1,0.4,-0.4,-0.1
2017,77,2,1.3,1.6,1.5
2017,77,3,0.8,1.0,0.9
2017,77,4,0.2,-0.0,-0.1
2017,77,5,-0.3,-0.4,-0.3
2017,77,6,1.7,1.7,1.7
2017,77,7,0.9,0.9,0.7
2017,77,8,0.2,0.3,0.4
2017,77,9,0.7,1.5,0.8
2017,77,10,1.4,1.2,1.3
2017,77,11,-0.2,-0.2,0.2
2017,77,12,0.2,0.4,0.7
2017,77,13,0.9,1.0,1.0
2017,77,14,1.6,1.8,1.3
2017,77,15,1.0,1.1,0.7
2017,77,16,1.4,1.6,1.0
2017,77,17,-1.2,-1.3,-1.4
2017,77,18,-2.2,-2.5,-2.6
2017,77,19,-1.4,-1.5,-0.7
2017,77,20,-0.8,-0.5,-1.0
2017,77,21,-0.5,-0.7,0.1
2017,77,22,0.7,1.2,1.7
2017,77,23,2.0,1.3,0.9
2017,78,0,0.4,0.6,1.2
2017,78,1,2.3,2.4,2.5
2017,78,2,1.4,1.2,-0.1
2017,78,3,-1.0,-0.8,0.4
2017,78,4,1.3,0.7,-1.9
2017,78,5,-2.5,-3.1,-2.8
2017,78,6,-2.6,-2.4,-2.3
2017,78,7,-0.9,-0.8,-0.9
2017,78,8,-0.7,-0.8,-0.6
2017,78,9,-1.1,-2.2,-2.3
2017,78,10,-1.1,-0.8,-0.3
2017,78,11,1.4,1.6,2.6
2017,78,12,1.3,1.2,1.2
2017,78,13,1.8,1.5,0.8
2017,78,14,0.2,0.0,-0.4
2017,78,15,-2.1,-1.3,-1.4
2017,78,16,-2.5,-2.8,-2.7
2017,78,17,-2.7,-2.8,-2.8
2017,78,18,-3.2,-3.3,-3.0
2017,78,19,-2.2,-1.7,-1.9
2017,78,20,0.3,-0.1,-0.4
2017,78,21,-3.4,-3.4,-2.8
2017,78,22,-2.3,-2.2,-1.0
2017,78,23,-0.4,-0.1,0.7
2017,79,0,1.4,1.5,1.7
2017,79,1,3.1,3.1,3.0
2017,79,2,3.5,3.2,3.3
2017,79,3,3.3,3.3,3.4
2017,79,4,2.9,3.0,0.6
2017,79,5,-1.9,-2.8,-3.6
2017,79,6,-3.3,-3.3,-3.3
2017,79,7,-2.7,-2.7,-2.5
2017,79,8,-2.3,-2.4,-1.9
2017,79,9,0.1,999.9,0.5
2017,79,10,0.4,999.9,0.3
2017,79,11,-0.3,999.9,0.1
2017,79,12,1.0,999.9,1.8
2017,79,13,3.5,999.9,3.7
2017,79,14,1.8,4.1,4.1
2017,79,15,1.0,0.9,0.6
2017,79,16,-2.3,-2.7,-2.7
2017,79,17,-0.4,-0.4,0.0
2017,79,18,-0.5,-0.6,-0.4
2017,79,19,-0.2,0.1,0.8
2017,79,20,2.0,2.2,1.7
2017,79,21,0.6,0.9,0.1
2017,79,22,-0.3,-0.3,0.6
2017,79,23,0.2,0.4,1.1
2017,80,0,999.9,1.9,2.0
2017,80,1,999.9,4.2,3.2
2017,80,2,999.9,0.2,0.4
2017,80,3,999.9,-2.2,-2.9
2017,80,4,999.9,-6.3,-6.2
2017,80,5,999.9,4.3,5.6
2017,80,6,999.9,2.3,-4.3
2017,80,7,999.9,-1.3,2.5
2017,80,8,999.9,3.5,1.3
2017,80,9,999.9,4.0,3.8
2017,80,10,999.9,1.4,2.5
2017,80,11,999.9,2.4,-0.6
2017,80,12,999.9,1.6,1.2
2017,80,13,999.9,-1.1,-2.8
2017,80,14,999.9,-0.0,2.0
2017,80,15,999.9,-4.7,-3.0
2017,80,16,999.9,1.1,-4.2
2017,80,17,999.9,-3.9,999.9
2017,80,18,999.9,-3.2,-2.1
2017,80,19,999.9,-2.5,-0.8
2017,80,20,999.9,-1.6,-2.6
2017,80,21,999.9,4.6,3.8
2017,80,22,999.9,-5.0,-0.1
2017,80,23,999.9,0.4,-1.4
2017,81,0,-4.3,0.1,-0.2
2017,81,1,0.6,0.8,2.6
2017,81,2,-0.2,0.2,-0.3
2017,81,3,5.2,4.8,3.8
2017,81,4,-0.1,0.4,-0.9
2017,81,5,0.7,0.7,2.6
2017,81,6,2.1,2.2,1.4
2017,81,7,2.4,1.9,1.1
2017,81,8,-1.0,-1.5,-2.0
2017,81,9,-0.9,-0.4,-1.8
2017,81,10,-2.6,-2.7,-2.8
2017,81,11,-2.2,-2.0,-1.6
2017,81,12,-0.7,-0.1,-0.1
2017,81,13,-0.7,-0.8,-1.1
2017,81,14,-2.3,-2.0,-2.4
2017,81,15,-0.4,-0.4,-0.7
2017,81,16,-3.8,-3.7,-3.2
2017,81,17,-3.9,-4.0,-3.1
2017,81,18,-3.3,-2.6,-1.5
2017,81,19,0.7,0.2,-1.6
2017,81,20,-4.1,-3.5,-4.2
2017,81,21,-3.7,-3.8,-4.1
2017,81,22,-2.7,-3.2,-3.6
2017,81,23,-1.5,-1.6,-1.9
2017,82,0,-1.6,-1.8,-1.8
2017,82,1,-1.5,-1.5,-1.2
2017,82,2,-1.5,-1.6,-1.0
2017,82,3,-0.6,-0.7,-1.5
2017,82,4,-0.2,-0.4,-0.6
2017,82,5,0.1,0.0,-0.3
2017,82,6,-0.9,-0.8,0.1
2017,82,7,-1.2,-1.4,-1.7
2017,82,8,-0.7,-0.7,-1.2
2017,82,9,-0.7,-0.7,-0.8
2017,82,10,1.0,1.1,0.3
2017,82,11,2.5,2.4,2.5
2017,82,12,2.6,2.4,3.1
2017,82,13,1.8,1.7,2.1
2017,82,14,2.1,2.2,2.1
2017,82,15,2.5,2.5,2.7
2017,82,16,3.0,3.0,3.4
2017,82,17,3.6,3.5,4.0
2017,82,18,5.7,5.5,5.0
2017,82,19,5.9,5.8,6.2
2017,82,20,5.4,5.4,6.1
2017,82,21,5.3,5.4,5.2
2017,82,22,5.4,5.4,5.2
2017,82,23,4.2,4.3,3.1
2017,83,0,2.1,1.9,2.5
2017,83,1,0.6,0.8,1.6
2017,83,2,1.0,0.8,0.4
2017,83,3,1.8,1.9,2.0
2017,83,4,3.5,3.4,3.3
2017,83,5,2.7,2.9,2.7
2017,83,6,0.7,0.8,1.7
2017,83,7,0.3,0.5,0.3
2017,83,8,0.9,1.0,1.3
2017,83,9,0.5,0.6,0.5
2017,83,10,-0.3,-0.4,-0.1
2017,83,11,-0.4,-0.1,-0.5
2017,83,12,-0.3,-0.3,-0.7
2017,83,13,-0.4,-0.6,-0.6
2017,83,14,-2.1,-2.1,-1.6
2017,83,15,1.2,1.2,1.8
2017,83,16,2.8,2.8,3.0
2017,83,17,2.0,2.2,2.2
2017,83,18,0.3,0.4,0.8
2017,83,19,0.1,0.0,-0.8
2017,83,20,0.6,0.6,0.4
2017,83,21,1.5,1.6,1.3
2017,83,22,1.1,1.1,1.2
2017,83,23,0.6,0.6,0.5
2017,84,0,0.5,0.6,0.3
2017,84,1,0.2,0.2,0.5
2017,84,2,-1.0,-0.8,-0.9
2017,84,3,-0.5,-0.4,-0.6
2017,84,4,-1.1,-1.0,-1.1
2017,84,5,0.4,0.4,0.3
2017,84,6,0.6,0.7,0.6
2017,84,7,0.1,0.2,-0.3
2017,84,8,-0.8,-0.8,-1.0
2017,84,9,-1.0,-1.1,-1.3
2017,84,10,-0.4,-0.4,-0.4
2017,84,11,-0.3,-0.2,-0.3
2017,84,12,-0.7,-0.6,-0.6
2017,84,13,-0.9,-0.9,-1.2
2017,84,14,-0.7,-0.6,-0.6
2017,84,15,-0.7,-0.8,-0.3
2017,84,16,-0.9,-1.0,-1.1
2017,84,17,0.6,0.6,0.5
2017,84,18,0.5,0.6,0.3
2017,84,19,-0.2,-0.1,-0.3
2017,84,20,-0.3,-0.3,-0.3
2017,84,21,-0.4,-0.4,-0.7
2017,84,22,-0.4,-0.2,-1.1
2017,84,23,-1.3,-1.3,-0.8
2017,85,0,1.3,1.3,-0.1
2017,85,1,0.1,0.1,1.0
2017,85,2,-0.0,-0.0,0.3
2017,85,3,0.7,0.9,2.3
2017,85,4,1.4,1.4,1.9
2017,85,5,1.4,1.4,0.9
2017,85,6,0.8,0.9,0.1
2017,85,7,0.7,0.9,0.1
2017,85,8,0.6,0.8,0.1
2017,85,9,-0.5,-0.3,-0.0
2017,85,10,-1.0,-1.1,-0.7
2017,85,11,-0.3,-0.4,-0.1
2017,85,12,0.9,0.9,0.6
2017,85,13,0.7,0.8,0.3
2017,85,14,0.4,0.7,0.5
2017,85,15,1.0,1.1,0.2
2017,85,16,1.6,1.6,1.3
2017,85,17,-0.0,0.1,0.1
2017,85,18,0.5,0.6,0.3
2017,85,19,-1.0,-0.9,0.1
2017,85,20,0.9,1.8,2.0
2017,85,21,999.9,-1.0,-0.2
2017,85,22,999.9,2.7,3.9
2017,85,23,999.9,5.1,3.7
2017,86,0,999.9,1.3,1.3
2017,86,1,999.9,2.0,2.7
2017,86,2,999.9,-0.0,-0.3
2017,86,3,999.9,-0.1,-0.2
2017,86,4,999.9,0.3,-1.7
2017,86,5,999.9,-5.9,-6.6
2017,86,6,999.9,-2.2,-0.3
2017,86,7,999.9,4.7,3.2
2017,86,8,999.9,1.5,-0.0
2017,86,9,999.9,-7.0,-11.1
2017,86,10,999.9,1.9,2.7
2017,86,11,999.9,4.4,3.8
2017,86,12,999.9,-5.0,-5.4
2017,86,13,999.9,-4.6,-4.7
2017,86,14,999.9,-3.8,-4.1
2017,86,15,999.9,-1.6,-2.0
2017,86,16,999.9,4.5,2.9
2017,86,17,999.9,3.3,1.6
2017,86,18,999.9,2.1,-1.9
2017,86,19,999.9,-3.9,-1.7
2017,86,20,999.9,2.6,-0.1
2017,86,21,999.9,-1.4,2.3
2017,86,22,999.9,3.7,2.0
2017,86,23,999.9,1.6,3.6
2017,87,0,-5.3,-3.0,-4.2
2017,87,1,-0.0,0.2,-0.6
2017,87,2,-1.1,-2.0,-2.4
2017,87,3,-3.8,-3.4,-2.4
2017,87,4,2.1,2.1,0.6
2017,87,5,2.3,2.2,1.4
2017,87,6,1.1,0.6,0.6
2017,87,7,0.8,1.0,0.4
2017,87,8,0.5,0.3,-0.0
2017,87,9,-2.3,-1.9,-2.2
2017,87,10,1.7,1.9,-0.2
2017,87,11,0.5,0.9,0.7
2017,87,12,0.1,0.1,0.1
2017,87,13,1.0,1.0,0.9
2017,87,14,1.2,1.2,0.4
2017,87,15,0.5,0.6,1.6
2017,87,16,1.3,1.1,2.7
2017,87,17,-0.7,-0.4,-1.3
2017,87,18,999.9,-0.9,-0.3
2017,87,19,0.5,0.6,1.0
2017,87,20,1.7,1.9,-0.6
2017,87,21,0.8,0.8,-1.2
2017,87,22,1.2,1.3,1.2
2017,87,23,-0.5,-0.4,-1.3
2017,88,0,-1.6,-1.3,-2.8
2017,88,1,0.3,-0.0,-0.4
2017,88,2,-0.4,-0.8,-0.2
2017,88,3,0.3,0.3,0.8
2017,88,4,0.9,0.8,1.2
2017,88,5,-1.1,-0.9,-1.6
2017,88,6,-1.4,-0.7,-1.1
2017,88,7,999.9,-1.8,-1.9
2017,88,8,-1.4,-1.5,-1.6
2017,88,9,-1.5,-1.8,-0.2
2017,88,10,1.1,1.0,-0.1
2017,88,11,1.2,1.1,0.3
2017,88,12,2.0,1.9,-2.4
2017,88,13,-1.3,-1.7,-1.3
2017,88,14,-1.1,-0.8,-0.6
2017,88,15,-2.6,-2.7,-0.5
2017,88,16,0.9,0.6,0.5
2017,88,17,-0.7,-0.4,1.6
2017,88,18,4.0,4.1,3.6
2017,88,19,3.5,3.5,4.0
2017,88,20,3.1,3.2,3.1
2017,88,21,1.8,2.1,1.4
2017,88,22,-0.1,0.5,0.3
2017,88,23,0.0,0.3,-0.9
2017,89,0,-1.2,-1.4,0.1
2017,89,1,-0.8,-1.0,0.5
2017,89,2,0.9,0.8,1.4
2017,89,3,-0.1,-0.1,-0.5
2017,89,4,-2.5,-1.5,-0.5
2017,89,5,0.5,0.5,0.5
2017,89,6,1.7,1.7,1.4
2017,89,7,1.1,0.9,1.1
2017,89,8,0.9,0.6,2.1
2017,89,9,3.4,3.1,4.3
2017,89,10,3.5,3.7,3.5
2017,89,11,-1.0,-1.2,-1.4
2017,89,12,-0.7,-0.8,-0.1
2017,89,13,2.5,2.5,2.2
2017,89,14,0.6,0.5,1.7
2017,89,15,0.9,1.6,0.8
2017,89,16,1.7,1.8,1.0
2017,89,17,-2.1,-1.7,-2.8
2017,89,18,0.3,0.2,0.5
2017,89,19,0.1,0.1,0.3
2017,89,20,-1.4,-1.1,-2.8
2017,89,21,-1.5,-1.6,-1.1
2017,89,22,-2.4,-2.4,-1.6
2017,89,23,-0.8,-0.1,-0.8